====================================================================================================
  River Projection Statistics — ssp370
====================================================================================================

  Site                     Lat      Lon  Reg     Q_cal    Q_near     Q_far   Δnear%    Δfar%
  ------------------------------------------------------------------------------------------------
  0                     56.160   14.750    *      0.89      0.43      0.47   -51.97   -47.01
  1                     65.320   21.410    *      5.98      2.42      2.67   -59.45   -55.40
  2                     56.660   12.850    *     43.75     19.00     19.05   -56.57   -56.44
  3                     55.860   14.240    *      1.54      0.63      0.62   -59.00   -59.79
  4                     56.270   12.830    *     19.79      8.66      8.22   -56.25   -58.45
  5                     60.370   18.270    *      0.09      0.05      0.05   -43.10   -42.58
  6                     57.870   16.620    *      0.19      0.12      0.12   -39.60   -37.91
  7                     57.230   12.210    *     41.89     17.74     17.88   -57.64   -57.32
  8                     64.690   21.130    *      5.76      2.27      2.36   -60.65   -59.06
  9                     56.921   16.439    *      0.37      0.15      0.16   -59.68   -57.46
  10                    56.890   12.480    *     54.28     24.24     24.34   -55.35   -55.15
  11                    55.992   12.746    *      0.06      0.02      0.03   -56.88   -55.43
  12                    63.750   20.330    *     15.11      6.29      6.34   -58.38   -58.01
  13                    64.210   21.110    *      0.54      0.22      0.23   -59.78   -58.41
  14                    58.438   11.683    *     23.53     11.34     11.46   -51.80   -51.27
  15                    62.792   18.181    *     17.67      7.38      7.44   -58.21   -57.88
  16                    57.150   16.490    *      0.96      0.55      0.64   -42.23   -33.14
  17                    58.730   17.120    *      0.67      0.29      0.29   -56.74   -57.30
  18                    65.870   22.370    *      1.61      0.55      0.58   -65.61   -63.83
  19                    65.720   21.780    *     17.85     10.48     10.68   -41.28   -40.18
  20                    62.442   17.514    *     15.36      9.20      9.31   -40.12   -39.42
  21                    56.550   12.950    *     78.60     39.89     39.46   -49.25   -49.79
  22                    58.640   16.270    *      2.99      1.79      1.83   -40.13   -38.85
  23                    65.530   21.880    *      0.16      0.06      0.07   -61.06   -57.93
  24                    65.908   22.638    *      0.17      0.12      0.13   -28.85   -24.47
  25                    63.340   19.210    *      1.22      0.49      0.50   -59.42   -59.11
  26                    60.650   17.430    *     11.65      4.91      5.08   -57.88   -56.39
  27                    58.344   11.903    *      5.23      2.32      2.45   -55.61   -53.13
  28                    60.680   17.190    *      0.62      0.33      0.35   -46.83   -43.57
  29                    56.470   16.140    *      0.14      0.07      0.09   -49.74   -40.28
  30                    61.820   17.270    *      0.57      0.23      0.24   -59.42   -57.65
  31                    63.550   19.850    *      1.18      0.46      0.46   -60.96   -61.29
  32                    62.342   17.431    *      4.41      2.29      2.44   -48.08   -44.61
  33                    59.089   11.229    *     14.44      7.08      7.12   -51.00   -50.72
  34                    65.860   24.160    *     14.38      5.94      6.12   -58.68   -57.44
  35                    57.616   18.767    *      2.54      0.96      1.03   -62.41   -59.53
  36                    56.170   15.410    *      0.20      0.08      0.09   -58.53   -53.88
  37                    61.192   17.181    *      7.37      3.10      3.16   -57.94   -57.06
  38                    57.694   11.909    *    577.40    312.43    314.78   -45.89   -45.48
  39                    63.560   19.450    *      0.64      0.26      0.26   -60.16   -60.34
  40                    65.880   23.060    *     10.54      6.30      7.82   -40.23   -25.83
  41                    43.475   -7.055          16.57      7.04      7.23   -57.53   -56.37
  42                    37.136   -6.853           2.04      1.40      1.46   -31.50   -28.34
  43                    37.208   -7.058           0.70      0.57      0.61   -19.07   -12.65
  44                    43.671   -7.903           5.01      2.46      2.52   -50.90   -49.67
  45                    37.136   -6.853           4.01      2.84      2.95   -29.27   -26.40
  46                    43.740   -7.695           6.76      3.49      3.58   -48.40   -47.02
  47                    43.438   -3.450          48.27     22.25     21.47   -53.90   -55.51
  48                    43.328   -8.210           7.56      3.61      3.71   -52.24   -50.90
  49                    42.346   -8.612           7.61      3.29      3.38   -56.69   -55.62
  50                    43.326   -1.921           3.32      1.39      1.41   -58.00   -57.40
  51                    43.326   -3.020           0.28      0.11      0.11   -61.77   -61.24
  52                    43.326   -3.020          18.81      8.52      8.60   -54.67   -54.29
  53                    43.381   -4.510          11.27      4.45      4.52   -60.51   -59.90
  54                    43.514   -8.154           3.37      1.56      1.61   -53.80   -52.36
  55                    43.435   -4.035          13.97      6.21      6.27   -55.53   -55.09
  56                    43.551   -7.261           4.67      2.09      2.14   -55.24   -54.23
  57                    43.133   -9.128          10.40      4.05      4.19   -61.10   -59.66
  58                    42.650   -8.745          43.79     18.74     19.12   -57.20   -56.33
  59                    43.291   -2.132          22.30      9.64      9.73   -56.78   -56.36
  60                    43.503   -8.161           2.35      1.15      1.18   -51.13   -49.74
  61                    42.497   -8.812          11.44      4.82      4.93   -57.88   -56.87
  62                    43.677   -7.599           6.08      3.08      3.16   -49.33   -48.04
  63                    43.364   -2.498           3.65      1.63      1.63   -55.44   -55.45
  64                    43.349   -3.121           2.43      0.91      0.92   -62.48   -62.01
  65                    43.326   -3.020          10.24      3.85      3.90   -62.38   -61.89
  66                    43.380   -2.680           5.09      2.25      2.27   -55.72   -55.38
  67                    36.582   -6.237          11.98      8.56      8.96   -28.52   -25.23
  68                    43.303   -2.248           9.16      3.83      3.86   -58.19   -57.79
  69                    43.413   -8.175          13.98      7.07      7.28   -49.40   -47.94
  70                    43.326   -3.020           0.73      0.28      0.29   -60.80   -60.30
  71                    43.228   -8.942          11.11      4.89      5.04   -55.94   -54.59
  72                    37.176   -7.402          94.18     65.53     76.89   -30.42   -18.36
  73                    43.326   -3.020          12.24      4.62      4.69   -62.24   -61.71
  74                    36.796   -6.345          53.07     28.18     29.78   -46.89   -43.89
  75                    42.816   -8.885          22.46     10.33     10.53   -54.01   -53.11
  76                    43.595   -7.295           3.63      1.64      1.67   -54.84   -53.82
  77                    43.325   -1.981          10.32      4.52      4.60   -56.19   -55.46
  78                    43.004   -9.251           4.43      1.96      2.01   -55.80   -54.55
  79                    42.425   -8.656          17.90      7.27      7.49   -59.37   -58.18
  80                    43.467   -5.065          14.47      6.62      6.72   -54.24   -53.53
  81                    43.325   -2.418           2.77      1.21      1.22   -56.19   -55.87
  82                    43.412   -2.950           4.09      1.84      1.87   -55.03   -54.26
  83                    42.905   -9.126          14.96      6.75      6.93   -54.90   -53.66
  84                    43.449   -3.755           4.71      2.27      2.30   -51.69   -51.12
  85                    43.647   -8.083           2.07      1.03      1.06   -50.32   -49.12
  86                    43.343   -8.383           6.64      3.58      3.66   -46.13   -44.94
  87                    41.924   -8.773         274.83    110.45    113.02   -59.81   -58.87
  88                    43.565   -6.077          51.37     22.83     23.29   -55.56   -54.66
  89                    43.194   -9.042           6.90      3.00      3.08   -56.55   -55.28
  90                    43.441   -3.981          11.40      4.87      4.91   -57.27   -56.94
  91                    63.877  -21.208    *    362.36    362.38    362.38     0.01     0.01
  92                    63.773  -20.802    *    336.11    336.12    336.12     0.00     0.00
  93                    65.620   25.050    *     40.46     16.28     15.87   -59.76   -60.77
  94                    64.290   23.910    *     40.91     25.02     24.97   -38.85   -38.98
  95                    60.213   24.985    *     16.23      9.60     10.29   -40.81   -36.56
  96                    60.350   23.100    *      5.72      3.08      3.15   -46.18   -44.85
  97                    64.850   24.700    *     38.26     24.66     24.50   -35.54   -35.96
  98                    60.383   25.667    *     10.41      6.43      6.51   -38.22   -37.50
  99                    60.442   26.847    *    288.44    164.77    168.78   -42.88   -41.48
  100                   63.270   21.860    *     39.83     23.80     24.05   -40.25   -39.63
  101                   62.200   21.400    *     13.58      7.62      7.74   -43.91   -42.98
  102                   64.992   25.431    *    255.60    138.56    137.63   -45.79   -46.15
  103                   61.220   21.620    *      8.54      3.69      3.76   -56.75   -55.96
  104                   65.200   25.290    *     42.13     17.63     17.38   -58.15   -58.74
  105                   60.340   25.530    *      6.65      4.08      4.20   -38.60   -36.90
  106                   60.433   22.233    *      7.18      3.63      3.70   -49.39   -48.45
  107                   60.550   27.850    *      7.73      4.86      4.93   -37.20   -36.29
  108                   60.583   27.733    *      4.39      2.63      2.68   -40.05   -39.03
  109                   64.480   24.220    *     31.78     20.78     20.73   -34.62   -34.77
  110                   65.340   25.260    *    166.15     66.50     65.62   -59.98   -60.51
  111                   60.417   22.660    *      8.27      4.53      4.58   -45.23   -44.59
  112                   64.230   23.710    *     11.73      7.51      7.46   -36.02   -36.38
  113                   62.340   21.300    *      8.90      5.21      5.26   -41.52   -40.95
  114                   60.150   23.067    *      6.52      3.50      3.59   -46.32   -44.87
  115                   61.550   21.630    *    215.01    107.58    112.12   -49.96   -47.86
  116                   65.742   24.514    *    560.43    215.31    219.90   -61.58   -60.76
  117                   63.560   22.510    *     30.28     19.78     19.81   -34.68   -34.59
  118                   63.880   23.170    *     21.10      9.65      9.71   -54.28   -53.97
  119                   60.093   23.560    *     18.07      9.18      9.61   -49.19   -46.81
  120                   57.645   22.146          16.98      7.17      7.28   -57.77   -57.11
  121                   57.248   21.413           5.87      3.97      3.44   -32.43   -41.40
  122                   57.160   24.260          77.25     42.95     42.08   -44.40   -45.52
  123                   57.010   23.930         107.50     53.94     55.75   -49.83   -48.14
  124                   57.880   24.350          38.50     20.43     21.15   -46.94   -45.06
  125                   56.413   21.049          20.15     12.21     10.60   -39.38   -47.40
  126                   57.400   21.550          89.97     36.31     35.75   -59.64   -60.26
  127                   57.070   24.050         607.23    387.19    393.14   -36.24   -35.26
  128                   56.980   21.345           2.82      1.29      1.30   -54.42   -53.86
  129                   53.209    5.439           0.81      0.34      0.37   -58.13   -54.03
  130                   53.070    5.336         212.78     85.11     90.39   -60.00   -57.52
  131                   52.940    5.042         284.09    115.97    125.05   -59.18   -55.98
  132                   51.980    4.120        1308.08    547.51    606.38   -58.14   -53.64
  133                   53.327    6.930           2.46      1.25      1.57   -49.18   -36.37
  134                   51.840    4.017         561.87    276.20    295.92   -50.84   -47.33
  135                   53.179    5.419           4.74      2.08      2.32   -56.01   -51.01
  136                   53.411    6.191          42.01     16.02     16.99   -61.86   -59.56
  137                   53.309    5.626           1.05      0.51      0.53   -51.13   -49.18
  138                   52.470    4.600          86.63     35.80     38.20   -58.67   -55.90
  139                   51.337    3.213           3.61      1.50      1.59   -58.34   -56.01
  140                   51.337    3.213           0.92      0.55      0.56   -40.66   -39.15
  141                   51.339    3.813          19.93     10.68     11.26   -46.43   -43.50
  142                   51.238    2.922           7.27      3.40      3.47   -53.23   -52.32
  143                   51.349    4.249         134.84     71.23     74.78   -47.18   -44.54
  144                   51.154    2.722           8.93      3.43      3.58   -61.53   -59.95
  145                   51.337    3.213           1.35      0.63      0.65   -53.40   -51.55
  146                   41.148   -8.638         434.74    217.85    223.39   -49.89   -48.62
  147                   38.934   -8.999         246.85    157.42    163.46   -36.23   -33.78
  148                   55.730   21.090         490.25    300.04    287.02   -38.80   -41.46
  149                   55.279   21.081           6.93      2.67      2.69   -61.45   -61.20
  150                   52.240   -6.968          78.85     30.50     30.88   -61.32   -60.84
  151                   52.360   -6.506          41.49     16.13     16.47   -61.13   -60.31
  152                   51.850   -8.329          46.58     22.36     23.08   -51.99   -50.45
  153                   52.780   -8.946          23.54      9.95     10.09   -57.76   -57.16
  154                   52.820   -6.123          21.84      8.75      8.94   -59.91   -59.06
  155                   54.140   -9.145          64.07     24.35     24.72   -62.00   -61.41
  156                   53.710   -6.337          44.91     20.71     20.84   -53.88   -53.59
  157                   52.519   -8.718          17.45      6.83     13.10   -60.87   -24.96
  158                   53.350   -6.222          17.51     11.92     12.41   -31.90   -29.09
  159                   53.300   -9.073         104.65     41.10     42.63   -60.73   -59.27
  160                   52.524   -8.938           8.56      3.17      3.29   -62.90   -61.61
  161                   52.660   -8.702         186.48     60.76     63.06   -67.42   -66.19
  162                   52.240   -6.968          45.80     17.54     17.77   -61.71   -61.21
  163                   52.240   -6.968          43.05     16.50     16.75   -61.68   -61.09
  164                   51.690   -8.537          23.17      8.74      9.81   -62.26   -57.68
  165                   51.950   -7.840          82.40     31.44     32.18   -61.85   -60.95
  166                   54.500   -8.210         108.96     41.49     42.15   -61.92   -61.31
  167                   54.980   -3.566         175.28     73.10     76.99   -58.29   -56.08
  168                   55.920   -4.472         175.93     63.41     65.19   -63.96   -62.94
  169                   52.790    0.369          53.52     27.66     28.42   -48.31   -46.90
  170                   53.990   -2.881         124.90     46.14     47.20   -63.06   -62.21
  171                   55.010   -1.422          48.10     22.38     28.40   -53.47   -40.96
  172                   57.670   -3.095         170.17     68.74     68.64   -59.60   -59.66
  173                   50.910   -1.450          13.07      7.70      7.89   -41.07   -39.62
  174                   53.240   -3.087          58.04     27.91     30.18   -51.92   -48.00
  175                   52.110   -4.689          90.23     34.46     35.28   -61.81   -60.90
  176                   51.780   -4.364          74.25     27.72     28.17   -62.67   -62.06
  177                   53.418    0.224         222.45     90.59     91.60   -59.28   -58.82
  178                   51.450    0.402          69.86     42.39     42.72   -39.33   -38.85
  179                   51.730    0.700           4.33      2.18      2.35   -49.78   -45.84
  180                   55.170   -6.739         195.06     71.89     72.52   -63.14   -62.82
  181                   50.830   -0.257          12.19      4.56      4.66   -62.61   -61.82
  182                   50.560   -4.929           8.29      4.00      3.93   -51.81   -52.61
  183                   54.490   -0.625           5.89      2.49      2.54   -57.75   -56.79
  184                   51.320    1.368          16.41     10.37     10.54   -36.83   -35.74
  185                   54.950   -3.049          80.81     33.32     36.01   -58.76   -55.44
  186                   56.361   -3.316         253.53    117.18    119.94   -53.78   -52.69
  187                   56.730   -5.236         197.62     72.27     73.54   -63.43   -62.79
  188                   54.630   -5.886          18.58      7.45      7.42   -59.90   -60.09
  189                   50.680   -1.949          37.73     20.52     21.02   -45.60   -44.28
  190                   54.920   -1.367          16.03      7.75      8.27   -51.62   -48.43
  191                   52.570    1.738          19.23      9.06      9.38   -52.90   -51.21
  192                   51.710   -2.486         127.21     62.54     64.27   -50.83   -49.48
  193                   58.110   -3.657         325.95    125.94    126.90   -61.36   -61.07
  194                   54.650   -1.159          20.66      8.68      9.94   -57.98   -51.91
  195                   51.220   -3.000          14.09      6.43      6.42   -54.37   -54.44
  196                   51.540   -2.985         145.44     65.20     66.30   -55.17   -54.42
  197                   56.064   -3.727          97.92     40.99     39.43   -58.14   -59.74
  198                   50.610   -3.423          55.06     24.98     25.37   -54.62   -53.92
  199                   55.770   -1.991          69.89     26.46     27.45   -62.14   -60.73
  200                   50.350   -4.167          52.27     19.76     20.04   -62.19   -61.66
  201                   53.336   -2.768          56.12     28.54     29.56   -49.15   -47.33
  202                   51.060   -4.207          32.12     14.67     15.02   -54.33   -53.23
  203                   51.620   -3.834          36.67     14.95     14.09   -59.24   -61.59
  204                   45.044   -0.607         237.16    135.93    139.42   -42.68   -41.21
  205                   48.506   -2.689          57.51     27.78     28.07   -51.70   -51.18
  206                   43.529   -1.520          82.49     38.90     39.41   -52.84   -52.22
  207                   49.301   -0.091           9.30      4.97      5.02   -46.48   -45.99
  208                   43.529   -1.520          16.10      7.45      7.56   -53.76   -53.07
  209                   47.500   -2.366          76.86     33.49     34.15   -56.43   -55.57
  210                   49.907    0.930          14.78      9.45      9.44   -36.07   -36.10
  211                   48.283   -4.263          75.47     26.58     26.92   -64.78   -64.33
  212                   49.019   -1.506          20.62      8.26      8.46   -59.93   -58.96
  213                   44.660   -1.043          19.10     12.86     13.11   -32.68   -31.36
  214                   49.369    0.074          11.99      7.04      7.08   -41.29   -40.90
  215                   45.044   -0.607          10.94      5.56      5.76   -49.17   -47.37
  216                   50.180    1.653          37.09     23.54     23.59   -36.54   -36.39
  217                   49.440    0.372          16.38      9.18      8.49   -43.93   -48.18
  218                   49.292   -0.246          28.33     13.01     13.18   -54.08   -53.49
  219                   48.634   -1.512          23.07      8.39      8.60   -63.63   -62.71
  220                   49.480    0.486           8.25      5.15      5.18   -37.60   -37.28
  221                   45.790   -1.124           3.72      2.43      2.48   -34.53   -33.33
  222                   49.480    0.486         470.62    257.37    259.35   -45.31   -44.89
  223                   48.643   -1.413          55.09     20.57     21.03   -62.67   -61.83
  224                   49.337   -0.458           5.29      2.45      2.48   -53.67   -53.14
  225                   45.044   -0.607          73.27     38.25     39.49   -47.80   -46.10
  226                   45.044   -0.607         148.28     75.67     78.19   -48.97   -47.27
  227                   47.290   -1.957         786.50    509.55    515.27   -35.21   -34.49
  228                   49.350   -1.120          28.51     12.67     12.82   -55.56   -55.04
  229                   43.529   -1.520          35.01     16.62     16.85   -52.53   -51.87
  230                   47.737   -3.350          66.09     30.06     30.63   -54.52   -53.65
  231                   45.953   -1.067          65.80     43.77     44.57   -33.48   -32.26
  232                   47.290   -1.957          43.82     22.90     23.24   -47.74   -46.96
  233                   45.044   -0.607         399.66    229.17    235.42   -42.66   -41.10
  234                   50.550    1.603          52.52     29.42     29.69   -43.99   -43.47
  235                   50.064    1.370          43.36     60.09    235.05    38.57   442.09
  236                   43.529   -1.520          17.39      7.93      8.07   -54.42   -53.62
  237                   46.294   -1.268          30.96     12.17     12.64   -60.68   -59.17
  238                   49.480    0.486          23.63     13.70     13.79   -42.01   -41.66
  239                   46.320   -1.112          52.68     28.79     29.53   -45.35   -43.93
  240                   45.953   -1.067          23.19     13.95     14.24   -39.86   -38.60
  241                   43.529   -1.520         184.29     92.26     92.86   -49.94   -49.61
  242                   58.140    7.990    *    152.55     65.24     70.34   -57.23   -53.89
  243                   59.050   10.050    *    118.84     50.83     57.30   -57.22   -51.78
  244                   58.729    5.517    *      5.48      2.14      2.19   -60.89   -59.99
  245                   59.190   10.950    *    746.03    494.13    489.10   -33.77   -34.44
  246                   59.740   10.230    *    327.84    132.98    145.16   -59.44   -55.72
  247                   65.800   12.350    *    166.18     72.88     73.56   -56.14   -55.73
  248                   63.310    9.831    *     62.99     24.54     25.06   -61.04   -60.22
  249                   59.128    9.618    *    294.99    123.20    129.70   -58.23   -56.03
  250                   60.640    5.951    *     96.58     41.68     41.63   -56.85   -56.89
  251                   70.000   23.200    *     94.91     94.91     94.91     0.00     0.00
  252                   59.890   30.210        2333.09   2333.04   2333.04    -0.00    -0.00
  253                   59.660   28.360         106.71     53.41     54.33   -49.95   -49.09
  254                   55.215   10.810           0.32      0.15      0.16   -52.91   -51.47
  255                   55.163   10.135           0.36      0.18      0.19   -49.91   -48.99
  256                   55.724   11.651           0.42      0.19      0.19   -55.60   -54.12
  257                   55.808   12.582           0.26      0.13      0.14   -49.36   -46.10
  258                   55.385    9.841           0.31      0.15      0.16   -50.27   -49.30
  259                   55.468   10.441           0.90      0.42      0.43   -52.99   -51.77
  260                   57.200   10.500           1.29      0.56      0.57   -56.34   -55.56
  261                   56.610   10.320          36.14     18.17     18.72   -49.73   -48.21
  262                   55.200    8.672           1.04      0.45      0.46   -57.21   -55.89
  263                   54.987   12.353           0.10      0.04      0.04   -58.19   -59.88
  264                   54.828   11.140           0.41      0.15      0.15   -61.97   -63.13
  265                   55.209   11.715           1.22      0.54      0.56   -55.53   -54.10
  266                   55.061   10.618           0.44      0.20      0.18   -54.70   -57.68
  267                   55.389   11.220           0.84      0.37      0.38   -55.82   -54.47
  268                   55.209   12.152           0.28      0.12      0.15   -58.91   -48.34
  269                   55.703    9.544           2.19      1.11      1.13   -49.26   -48.26
  270                   55.165   12.029           0.19      0.08      0.09   -56.31   -55.33
  271                   56.370    8.116          22.45      8.70      9.42   -61.23   -58.05
  272                   55.771   11.632           0.43      0.19      0.19   -56.54   -55.03
  273                   55.431   12.211           0.32      0.13      0.14   -59.06   -57.47
  274                   54.694   11.887           0.55      0.20      0.21   -62.77   -61.95
  275                   55.453   10.498           0.90      0.42      0.43   -52.99   -51.77
  276                   55.879   12.066           0.36      0.16      0.17   -55.30   -52.75
  277                   55.248    9.494           1.09      0.53      0.54   -51.84   -51.03
  278                   55.090   10.242           0.17      0.09      0.09   -51.13   -50.28
  279                   55.297   10.750           0.86      0.41      0.42   -52.51   -51.11
  280                   55.235   12.235           0.28      0.12      0.15   -58.91   -48.34
  281                   55.678    9.807           0.41      0.19      0.19   -53.87   -52.64
  282                   54.889   12.052           0.34      0.18      0.14   -46.29   -57.78
  283                   55.703    9.544           2.19      1.11      1.13   -49.26   -48.26
  284                   54.773   11.863           0.47      0.21      0.21   -56.57   -55.66
  285                   55.209   12.152           0.28      0.12      0.15   -58.91   -48.34
  286                   54.935    9.624           0.32      0.13      0.13   -60.03   -59.09
  287                   55.190   10.107           0.36      0.15      0.16   -57.74   -56.92
  288                   55.703    9.717           1.44      0.69      0.71   -51.66   -50.49
  289                   55.430    8.623           5.26      2.64      2.73   -49.75   -48.19
  290                   55.803   12.040           0.30      0.16      0.17   -46.13   -44.98
  291                   55.459    9.797           0.45      0.20      0.20   -56.03   -55.01
  292                   54.970    9.861           0.17      0.07      0.07   -56.80   -55.86
  293                   55.489    9.497           2.29      1.06      1.08   -53.93   -53.02
  294                   55.513    9.866           0.47      0.21      0.22   -54.69   -53.67
  295                   55.339   11.207           0.12      0.05      0.05   -60.08   -59.65
  296                   56.126   12.309           0.45      0.17      0.17   -61.98   -61.96
  297                   56.990   10.240           0.05      0.02      0.02   -61.92   -60.87
  298                   56.093   12.461           0.26      0.14      0.15   -46.84   -44.17
  299                   55.172   12.053           0.19      0.08      0.09   -56.31   -55.33
  300                   54.960    8.666           4.50      1.96      2.02   -56.40   -55.04
  301                   56.011   10.217           0.30      0.14      0.14   -53.97   -52.68
  302                   55.147   12.011           0.19      0.08      0.09   -56.31   -55.33
  303                   55.847   12.573           0.26      0.13      0.14   -49.36   -46.10
  304                   55.019    9.927           0.21      0.08      0.08   -62.18   -61.12
  305                   55.971   12.013           0.85      0.38      0.41   -54.69   -52.02
  306                   55.122   12.049           0.19      0.11      0.08   -44.57   -59.21
  307                   55.860   12.064           0.36      0.19      0.19   -48.05   -46.88
  308                   55.042   10.471           0.28      0.14      0.13   -49.41   -54.09
  309                   55.430    9.626           0.29      0.13      0.13   -54.56   -53.55
  310                   54.694   11.887           0.55      0.20      0.21   -62.77   -61.95
  311                   55.023   12.427           0.27      0.11      0.11   -59.57   -59.08
  312                   55.476   10.441           0.90      0.42      0.43   -52.99   -51.77
  313                   55.201   11.672           1.22      0.54      0.56   -55.53   -54.10
  314                   55.710   12.113           0.20      0.10      0.10   -51.65   -50.53
  315                   55.649   11.930           0.31      0.14      0.15   -53.16   -52.03
  316                   55.673   11.813           0.19      0.09      0.09   -53.59   -52.16
  317                   55.770   10.015           0.29      0.12      0.12   -60.14   -60.39
  318                   55.705   11.840           0.29      0.14      0.14   -51.75   -50.29
  319                   55.311    9.618           0.45      0.18      0.19   -59.41   -58.45
  320                   54.831   11.491           0.41      6.63      0.40  1503.30    -2.69
  321                   55.667   12.012           0.54      0.24      0.25   -55.73   -54.56
  322                   57.520    9.873           1.39      4.37      5.76   214.16   314.08
  323                   55.358    9.876           0.51      0.20      0.21   -59.89   -58.92
  324                   54.943    9.868           0.12      0.05      0.05   -60.33   -59.30
  325                   55.930   12.524           0.68      0.33      0.35   -51.49   -48.90
  326                   55.439   10.425           0.90      0.42      0.43   -52.99   -51.77
  327                   55.426   12.220           0.32      0.13      0.14   -59.06   -57.47
  328                   55.154   14.705           0.80      0.32      0.35   -60.29   -56.32
  329                   56.710   10.170           2.29      1.11      1.12   -51.56   -51.10
  330                   55.247   11.289           0.09      0.04      0.04   -58.74   -58.15
  331                   55.882   10.111           0.84      0.39      0.40   -53.35   -52.19
  332                   55.525    9.577           0.25      0.12      0.12   -53.59   -52.67
  333                   55.866    9.897           1.01      0.39      0.39   -61.39   -61.62
  334                   55.194   14.989           0.58      0.24      0.24   -58.95   -58.56
  335                   55.854    9.863           1.01      0.47      0.48   -53.86   -52.67
  336                   55.297   10.749           0.86      0.41      0.42   -52.51   -51.11
  337                   55.771   11.632           0.43      0.19      0.19   -56.54   -55.03
  338                   55.088   10.753           0.32      0.15      0.16   -52.93   -50.95
  339                   56.990   10.240           0.05      0.02      0.02   -61.92   -60.87
  340                   55.426   12.220           0.32      0.13      0.14   -59.06   -57.47
  341                   55.724   11.651           0.42      0.19      0.19   -55.60   -54.12
  342                   55.268    9.889           0.06      0.02      0.02   -58.47   -57.66
  343                   55.070   11.813           0.40      0.16      0.16   -59.86   -58.67
  344                   55.361    9.600           0.44      0.18      0.19   -58.27   -57.34
  345                   55.612   12.384           0.26      0.10      0.10   -63.27   -62.02
  346                   55.330    8.673           4.52      1.98      2.04   -56.16   -54.90
  347                   56.099   12.160           0.28      0.13      0.13   -53.74   -51.46
  348                   56.778   10.288           1.19      0.47      0.48   -60.73   -59.89
  349                   55.148   10.784           0.32      0.15      0.16   -52.91   -51.47
  350                   55.583   10.282           0.25      0.12      0.12   -52.06   -51.04
  351                   55.595   12.367           0.26      0.12      0.13   -53.10   -50.58
  352                   55.640   12.502           0.71      0.34      0.36   -53.07   -49.87
  353                   55.626    9.742           0.41      0.19      0.19   -53.87   -52.64
  354                   55.517    9.952           0.47      0.21      0.22   -54.68   -53.64
  355                   54.846   11.804           0.47      0.21      0.21   -56.57   -55.66
  356                   55.454   12.188           0.57      0.23      0.24   -59.22   -57.62
  357                   55.587   10.172           0.61      0.26      0.27   -57.26   -56.20
  358                   55.468   10.441           0.90      0.42      0.43   -52.99   -51.77
  359                   55.440   10.471           0.90      0.42      0.43   -52.99   -51.77
  360                   55.171   10.800           0.32      0.15      0.16   -52.91   -51.47
  361                   55.721   12.111           0.20      0.10      0.10   -51.65   -50.53
  362                   54.828   11.140           0.41      0.15      0.15   -61.97   -63.13
  363                   55.426   12.220           0.32      0.13      0.14   -59.06   -57.47
  364                   55.039   12.140           0.30      0.13      0.12   -58.72   -60.80
  365                   55.010    9.630           0.44      0.18      0.18   -60.05   -58.99
  366                   55.066   10.373           0.92      0.43      0.44   -53.12   -52.25
  367                   56.990   10.240           0.05      0.02      0.02   -61.92   -60.87
  368                   55.218   11.440           0.10      0.04      0.04   -60.94   -59.52
  369                   55.538   11.156           1.68      0.84      0.86   -50.02   -48.80
  370                   54.708   11.251           0.70      0.26      0.26   -62.36   -62.90
  371                   54.910   10.819           0.31      0.12      0.13   -59.91   -58.35
  372                   55.930   12.524           0.68      0.33      0.35   -51.49   -48.90
  373                   55.439   10.425           0.90      0.42      0.43   -52.99   -51.77
  374                   56.710   10.170           1.26      0.57      0.58   -54.79   -54.19
  375                   54.999   14.996           0.66      0.24      0.25   -63.38   -61.58
  376                   57.110   10.400           1.14      0.49      0.50   -56.79   -56.43
  377                   55.999    8.114           4.52      1.83      1.88   -59.66   -58.49
  378                   56.103   12.380           0.26      0.14      0.15   -46.84   -44.17
  379                   55.626    9.742           0.41      0.19      0.19   -53.87   -52.64
  380                   54.802   11.637           0.41      0.17      0.17   -59.14   -58.14
  381                   55.317    9.886           0.41      0.16      0.17   -60.00   -59.47
  382                   55.163   12.025           0.19      0.08      0.09   -56.31   -55.33
  383                   57.500   10.490           1.05      0.41      0.46   -61.07   -56.52
  384                   54.931   11.120           0.15      0.06      0.06   -61.23   -61.26
  385                   56.990   10.240           0.62      0.29      0.29   -53.31   -52.49
  386                   55.206   11.395           0.19      0.07      0.08   -61.24   -59.78
  387                   56.153   10.213           1.79      0.86      0.88   -51.70   -50.70
  388                   56.990   10.240           0.05      0.02      0.02   -61.92   -60.87
  389                   56.085   10.249           0.22      0.10      0.10   -53.32   -52.00
  390                   55.781   12.089           0.30      0.16      0.17   -46.13   -44.98
  391                   55.209   11.715           1.22      0.54      0.56   -55.53   -54.10
  392                   55.828   12.063           0.30      0.16      0.17   -46.13   -44.98
  393                   55.114    9.457           0.22      0.10      0.10   -55.23   -54.35
  394                   55.659   11.783           0.19      0.09      0.09   -53.59   -52.16
  395                   55.999    8.114          44.47     18.14     18.58   -59.21   -58.22
  396                   55.580    8.315           5.26      2.26      2.20   -57.02   -58.25
  397                   55.184   11.740           1.22      0.54      0.56   -55.53   -54.10
  398                   55.055   11.829           0.40      0.16      0.16   -59.86   -58.67
  399                   56.990   10.240          26.47     12.11     12.33   -54.24   -53.42
  400                   55.118   10.775           0.32      0.15      0.16   -52.93   -50.95
  401                   55.509   12.208           0.34      0.14      0.15   -57.75   -55.95
  402                   55.380    8.644           4.52      2.16      2.23   -52.24   -50.68
  403                   55.215    9.976           0.23      0.10      0.10   -56.42   -55.60
  404                   55.317    9.886           0.41      0.16      0.17   -60.00   -59.47
  405                   55.361    9.600           0.44      0.18      0.19   -58.27   -57.34
  406                   57.590   10.130           1.76      0.85      0.86   -51.83   -51.09
  407                   54.960    8.666           4.50      1.96      2.02   -56.40   -55.04
  408                   56.207   10.285           1.01      0.51      0.52   -49.98   -49.04
  409                   59.426   24.342           2.94      1.23      1.29   -58.18   -56.21
  410                   58.770   23.760          25.54     12.86     13.32   -49.63   -47.85
  411                   59.571   25.797           3.27      1.81      1.87   -44.66   -42.86
  412                   59.428   27.535           1.90      0.88      0.90   -53.42   -52.69
  413                   58.390   24.490          50.30     26.27     27.14   -47.78   -46.04
  414                   59.478   25.149          11.96      6.70      6.99   -43.94   -41.51
  415                   59.470   24.818           7.79      4.06      4.25   -47.94   -45.48
  416                   59.520   26.532           5.50      3.22      3.31   -41.45   -39.79
  417                   59.436   26.992           6.85      4.06      4.19   -40.66   -38.87
  418                   59.440   24.350           6.77      2.89      3.02   -57.38   -55.45
  419                   59.549   26.406           3.91      2.21      2.28   -43.53   -41.74
  420                   59.580   28.090         426.37    187.76    182.22   -55.96   -57.26
  421                   59.524   25.541           1.13      0.61      0.64   -45.79   -43.72
  422                   59.271   23.884           4.55      2.34      2.43   -48.63   -46.57
  423                   59.583   25.706           3.97      2.29      2.37   -42.16   -40.35
  424                   54.110   15.140          19.12     10.25     10.32   -46.37   -46.00
  425                   53.533   14.633          14.50      8.27      8.39   -42.92   -42.15
  426                   53.920   14.280         536.25    323.35    294.63   -39.70   -45.06
  427                   54.350   18.950        1080.16    602.40    622.13   -44.23   -42.40
  428                   54.583   16.850          16.78      8.01      8.20   -52.29   -51.15
  429                   54.667   17.050           8.60      3.48      3.49   -59.51   -59.35
  430                   54.317    8.970          29.82     13.06     13.64   -56.19   -54.26
  431                   54.085   12.151          14.40      7.92      8.05   -44.99   -44.13
  432                   53.320    7.254          80.98     40.77     41.69   -49.65   -48.52
  433                   54.671   10.036           2.62      1.32      1.35   -49.38   -48.46
  434                   54.234   11.086           0.54      0.27      0.27   -50.78   -49.86
  435                   54.328   10.185           6.24      3.10      3.91   -50.32   -37.40
  436                   54.439   12.965           3.56      1.81      1.90   -49.23   -46.62
  437                   53.840    9.365         725.48    360.38    358.71   -50.33   -50.56
  438                   54.522    9.738           0.51      0.24      0.25   -52.65   -51.51
  439                   53.902   10.771           8.57      4.28      4.36   -50.10   -49.12
  440                   53.859   13.813          19.25     10.83     11.05   -43.76   -42.62
  441                   54.336   10.649           0.94      0.43      0.44   -54.35   -53.52
  442                   53.920   10.718           1.83      0.85      0.86   -53.86   -52.84
  443                   53.840    9.365          46.94     20.88     20.83   -55.51   -55.62
  444                   53.907   10.967           2.91      1.55      1.58   -46.78   -45.86
  445                   53.530    8.572         326.71    173.90    178.43   -46.77   -45.39

  (* = potentially regulated / snowmelt-dominated)

  Q in m³ s⁻¹.  Δ% = (future − calibration) / calibration × 100.

  Calibration period Q is the mean annual Q from the EMORID record.
  Near = 2020–2040, Far = 2071–2099.
