====================================================================================================
  River Projection Statistics — ssp370
====================================================================================================

  Site                     Lat      Lon  Reg     Q_cal    Q_near     Q_far   Δnear%    Δfar%
  ------------------------------------------------------------------------------------------------
  0                     56.160   14.750    *      0.89      0.49      0.41   -45.70   -53.65
  1                     65.320   21.410    *      5.98      2.44      2.50   -59.11   -58.12
  2                     56.660   12.850    *     43.75     20.03     20.05   -54.21   -54.17
  3                     55.860   14.240    *      1.54      0.67      0.67   -56.49   -56.36
  4                     56.270   12.830    *     19.79      8.87      8.57   -55.17   -56.71
  5                     60.370   18.270    *      0.09      0.05      0.05   -39.53   -40.01
  6                     57.870   16.620    *      0.19      0.12      0.13   -35.84   -33.88
  7                     57.230   12.210    *     41.89     18.89     18.81   -54.90   -55.09
  8                     64.690   21.130    *      5.76      2.40      2.40   -58.24   -58.26
  9                     56.921   16.439    *      0.37      0.17      0.17   -54.09   -55.03
  10                    56.890   12.480    *     54.28     25.52     25.47   -52.99   -53.08
  11                    55.992   12.746    *      0.06      0.03      0.03   -52.39   -52.34
  12                    63.750   20.330    *     15.11      6.59      6.67   -56.39   -55.86
  13                    64.210   21.110    *      0.54      0.22      0.22   -58.64   -58.50
  14                    58.438   11.683    *     23.53     12.09     12.05   -48.63   -48.77
  15                    62.792   18.181    *     17.67      7.69      7.74   -56.46   -56.22
  16                    57.150   16.490    *      0.96      0.60      0.66   -37.75   -31.20
  17                    58.730   17.120    *      0.67      0.34      0.31   -50.15   -54.08
  18                    65.870   22.370    *      1.61      0.55      0.56   -65.58   -65.11
  19                    65.720   21.780    *     17.85     10.80     10.81   -39.48   -39.45
  20                    62.442   17.514    *     15.36      9.68      9.60   -36.97   -37.48
  21                    56.550   12.950    *     78.60     41.66     41.59   -47.00   -47.08
  22                    58.640   16.270    *      2.99      1.93      1.92   -35.52   -35.71
  23                    65.530   21.880    *      0.16      0.06      0.06   -61.59   -60.58
  24                    65.908   22.638    *      0.17      0.13      0.12   -25.62   -27.41
  25                    63.340   19.210    *      1.22      0.52      0.53   -57.48   -56.64
  26                    60.650   17.430    *     11.65      5.24      5.40   -55.05   -53.67
  27                    58.344   11.903    *      5.23      2.49      2.46   -52.39   -52.97
  28                    60.680   17.190    *      0.62      0.35      0.41   -44.60   -34.59
  29                    56.470   16.140    *      0.14      0.15      0.08     7.96   -43.36
  30                    61.820   17.270    *      0.57      0.25      0.25   -56.21   -55.70
  31                    63.550   19.850    *      1.18      0.46      0.48   -60.62   -59.52
  32                    62.342   17.431    *      4.41      2.42      2.49   -45.07   -43.64
  33                    59.089   11.229    *     14.44      7.51      7.56   -48.02   -47.68
  34                    65.860   24.160    *     14.38      6.17      6.14   -57.07   -57.27
  35                    57.616   18.767    *      2.54      1.63      1.24   -35.75   -51.39
  36                    56.170   15.410    *      0.20      0.11      0.09   -44.05   -54.58
  37                    61.192   17.181    *      7.37      3.25      3.29   -55.87   -55.33
  38                    57.694   11.909    *    577.40    327.16    326.61   -43.34   -43.43
  39                    63.560   19.450    *      0.64      0.26      0.27   -59.61   -58.90
  40                    65.880   23.060    *     10.54      7.35      6.61   -30.22   -37.28
  41                    43.475   -7.055          16.57      7.85      7.76   -52.63   -53.14
  42                    37.136   -6.853           2.04      1.54      1.47   -24.32   -28.03
  43                    37.208   -7.058           0.70      0.62      0.55   -10.97   -21.13
  44                    43.671   -7.903           5.01      2.71      2.67   -45.81   -46.64
  45                    37.136   -6.853           4.01      3.10      2.96   -22.71   -26.08
  46                    43.740   -7.695           6.76      3.84      3.77   -43.25   -44.28
  47                    43.438   -3.450          48.27     23.33     23.18   -51.67   -51.98
  48                    43.328   -8.210           7.56      4.01      3.95   -46.90   -47.68
  49                    42.346   -8.612           7.61      3.66      3.63   -51.94   -52.21
  50                    43.326   -1.921           3.32      1.50      1.50   -54.71   -54.83
  51                    43.326   -3.020           0.28      0.12      0.12   -57.33   -57.83
  52                    43.326   -3.020          18.81      9.34      9.29   -50.34   -50.61
  53                    43.381   -4.510          11.27      4.87      4.86   -56.78   -56.86
  54                    43.514   -8.154           3.37      1.74      1.71   -48.37   -49.33
  55                    43.435   -4.035          13.97      6.87      6.92   -50.86   -50.48
  56                    43.551   -7.261           4.67      2.30      2.28   -50.79   -51.20
  57                    43.133   -9.128          10.40      4.81      4.49   -53.78   -56.86
  58                    42.650   -8.745          43.79     21.11     22.57   -51.80   -48.45
  59                    43.291   -2.132          22.30     10.46     10.43   -53.10   -53.24
  60                    43.503   -8.161           2.35      1.27      1.25   -45.83   -46.79
  61                    42.497   -8.812          11.44      5.34      5.31   -53.34   -53.63
  62                    43.677   -7.599           6.08      3.39      3.33   -44.22   -45.19
  63                    43.364   -2.498           3.65      1.74      1.74   -52.38   -52.34
  64                    43.349   -3.121           2.43      1.01      1.00   -58.38   -58.83
  65                    43.326   -3.020          10.24      4.28      4.23   -58.17   -58.69
  66                    43.380   -2.680           5.09      2.43      2.42   -52.25   -52.36
  67                    36.582   -6.237          11.98      9.44      8.89   -21.21   -25.77
  68                    43.303   -2.248           9.16      4.15      4.14   -54.66   -54.74
  69                    43.413   -8.175          13.98      7.85      7.70   -43.85   -44.89
  70                    43.326   -3.020           0.73      0.32      0.31   -56.28   -56.70
  71                    43.228   -8.942          11.11      5.50      5.64   -50.46   -49.20
  72                    37.176   -7.402          94.18     82.59     62.49   -12.31   -33.65
  73                    43.326   -3.020          12.24      5.17      5.11   -57.75   -58.25
  74                    36.796   -6.345          53.07     32.42     30.47   -38.91   -42.58
  75                    42.816   -8.885          22.46     11.27     11.33   -49.83   -49.55
  76                    43.595   -7.295           3.63      1.81      1.79   -50.18   -50.53
  77                    43.325   -1.981          10.32      4.95      4.92   -52.04   -52.28
  78                    43.004   -9.251           4.43      2.17      2.15   -51.09   -51.48
  79                    42.425   -8.656          17.90      8.28      8.19   -53.77   -54.23
  80                    43.467   -5.065          14.47      7.14      7.12   -50.68   -50.79
  81                    43.325   -2.418           2.77      1.30      1.31   -52.86   -52.72
  82                    43.412   -2.950           4.09      2.03      2.01   -50.45   -50.76
  83                    42.905   -9.126          14.96      7.52      7.46   -49.70   -50.14
  84                    43.449   -3.755           4.71      2.45      2.44   -47.98   -48.15
  85                    43.647   -8.083           2.07      1.14      1.13   -44.99   -45.75
  86                    43.343   -8.383           6.64      3.89      3.86   -41.36   -41.92
  87                    41.924   -8.773         274.83    122.15    121.44   -55.55   -55.81
  88                    43.565   -6.077          51.37     24.99     24.92   -51.35   -51.50
  89                    43.194   -9.042           6.90      3.35      3.43   -51.49   -50.21
  90                    43.441   -3.981          11.40      5.35      5.39   -53.10   -52.68
  91                    63.877  -21.208    *    362.36    362.38    362.38     0.01     0.01
  92                    63.773  -20.802    *    336.11    336.12    336.12     0.00     0.00
  93                    65.620   25.050    *     40.46     17.88     16.60   -55.81   -58.97
  94                    64.290   23.910    *     40.91     25.48     26.35   -37.73   -35.58
  95                    60.213   24.985    *     16.23      9.98     10.64   -38.53   -34.40
  96                    60.350   23.100    *      5.72      3.21      3.20   -43.82   -44.01
  97                    64.850   24.700    *     38.26     24.72     27.47   -35.39   -28.20
  98                    60.383   25.667    *     10.41      6.60      6.65   -36.65   -36.13
  99                    60.442   26.847    *    288.44    172.48    183.52   -40.20   -36.38
  100                   63.270   21.860    *     39.83     24.45     24.40   -38.63   -38.75
  101                   62.200   21.400    *     13.58      7.90      7.82   -41.82   -42.44
  102                   64.992   25.431    *    255.60    145.51    141.74   -43.07   -44.54
  103                   61.220   21.620    *      8.54      4.00      3.94   -53.13   -53.92
  104                   65.200   25.290    *     42.13     18.81     17.45   -55.34   -58.56
  105                   60.340   25.530    *      6.65      4.21      4.28   -36.73   -35.57
  106                   60.433   22.233    *      7.18      3.77      3.77   -47.52   -47.49
  107                   60.550   27.850    *      7.73      5.01      5.05   -35.21   -34.68
  108                   60.583   27.733    *      4.39      2.72      2.74   -37.96   -37.49
  109                   64.480   24.220    *     31.78     20.97     21.72   -34.03   -31.67
  110                   65.340   25.260    *    166.15     71.50     66.48   -56.97   -59.99
  111                   60.417   22.660    *      8.27      4.72      4.70   -42.86   -43.10
  112                   64.230   23.710    *     11.73      7.60      7.87   -35.24   -32.93
  113                   62.340   21.300    *      8.90      5.40      5.34   -39.34   -40.04
  114                   60.150   23.067    *      6.52      3.70      3.69   -43.20   -43.38
  115                   61.550   21.630    *    215.01    114.93    112.36   -46.55   -47.75
  116                   65.742   24.514    *    560.43    227.50    227.07   -59.41   -59.48
  117                   63.560   22.510    *     30.28     20.54     20.29   -32.16   -33.00
  118                   63.880   23.170    *     21.10      9.93      9.91   -52.93   -53.05
  119                   60.093   23.560    *     18.07      9.89      9.92   -45.26   -45.12
  120                   57.645   22.146          16.98      7.78      7.88   -54.18   -53.62
  121                   57.248   21.413           5.87      3.22      3.17   -45.10   -46.07
  122                   57.160   24.260          77.25     45.48     45.11   -41.12   -41.61
  123                   57.010   23.930         107.50     61.16     61.69   -43.11   -42.61
  124                   57.880   24.350          38.50     22.14     22.06   -42.49   -42.69
  125                   56.413   21.049          20.15     10.20      9.94   -49.36   -50.64
  126                   57.400   21.550          89.97     38.83     39.70   -56.84   -55.88
  127                   57.070   24.050         607.23    407.30    408.68   -32.92   -32.70
  128                   56.980   21.345           2.82      1.42      1.48   -49.84   -47.68
  129                   53.209    5.439           0.81      0.35      0.37   -56.74   -54.77
  130                   53.070    5.336         212.78     92.49     93.33   -56.53   -56.14
  131                   52.940    5.042         284.09    124.86    127.32   -56.05   -55.18
  132                   51.980    4.120        1308.08    576.38    560.53   -55.94   -57.15
  133                   53.327    6.930           2.46      1.14      1.50   -53.86   -39.23
  134                   51.840    4.017         561.87    305.55    301.99   -45.62   -46.25
  135                   53.179    5.419           4.74      2.14      2.26   -54.79   -52.31
  136                   53.411    6.191          42.01     18.03     18.41   -57.07   -56.17
  137                   53.309    5.626           1.05      0.51      0.54   -51.39   -48.47
  138                   52.470    4.600          86.63     37.85     37.26   -56.31   -56.99
  139                   51.337    3.213           3.61      1.72      1.70   -52.44   -53.00
  140                   51.337    3.213           0.92      0.58      0.57   -36.97   -37.60
  141                   51.339    3.813          19.93     11.65     11.52   -41.55   -42.19
  142                   51.238    2.922           7.27      3.72      3.65   -48.83   -49.88
  143                   51.349    4.249         134.84     77.76     76.96   -42.33   -42.93
  144                   51.154    2.722           8.93      4.07      3.62   -54.36   -59.43
  145                   51.337    3.213           1.35      0.69      0.68   -49.03   -49.58
  146                   41.148   -8.638         434.74    239.03    235.60   -45.02   -45.81
  147                   38.934   -8.999         246.85    172.02    165.95   -30.32   -32.77
  148                   55.730   21.090         490.25    287.30    285.78   -41.40   -41.71
  149                   55.279   21.081           6.93      2.87      2.88   -58.66   -58.44
  150                   52.240   -6.968          78.85     33.30     33.66   -57.77   -57.32
  151                   52.360   -6.506          41.49     17.67     17.77   -57.42   -57.17
  152                   51.850   -8.329          46.58     23.96     24.25   -48.56   -47.93
  153                   52.780   -8.946          23.54     10.66     11.14   -54.71   -52.66
  154                   52.820   -6.123          21.84      9.59      9.68   -56.07   -55.67
  155                   54.140   -9.145          64.07     26.85     26.97   -58.09   -57.90
  156                   53.710   -6.337          44.91     22.74     22.39   -49.36   -50.14
  157                   52.519   -8.718          17.45      7.35     18.05   -57.90     3.46
  158                   53.350   -6.222          17.51     10.49     38.74   -40.08   121.25
  159                   53.300   -9.073         104.65     44.89     49.54   -57.11   -52.66
  160                   52.524   -8.938           8.56      3.50      3.66   -59.16   -57.26
  161                   52.660   -8.702         186.48     68.30     71.87   -63.37   -61.46
  162                   52.240   -6.968          45.80     19.09     19.27   -58.32   -57.93
  163                   52.240   -6.968          43.05     18.19     18.34   -57.75   -57.40
  164                   51.690   -8.537          23.17     12.75     12.65   -45.00   -45.40
  165                   51.950   -7.840          82.40     34.49     35.07   -58.14   -57.44
  166                   54.500   -8.210         108.96     45.60     45.99   -58.15   -57.80
  167                   54.980   -3.566         175.28     80.37     79.36   -54.15   -54.72
  168                   55.920   -4.472         175.93     69.19     69.22   -60.67   -60.65
  169                   52.790    0.369          53.52     29.92     29.98   -44.10   -43.98
  170                   53.990   -2.881         124.90     50.52     50.78   -59.55   -59.34
  171                   55.010   -1.422          48.10     24.38     24.48   -49.30   -49.10
  172                   57.670   -3.095         170.17     73.83     71.47   -56.62   -58.00
  173                   50.910   -1.450          13.07      8.14      8.21   -37.74   -37.19
  174                   53.240   -3.087          58.04     29.94     29.43   -48.41   -49.29
  175                   52.110   -4.689          90.23     37.44     37.90   -58.51   -58.00
  176                   51.780   -4.364          74.25     30.23     30.37   -59.28   -59.10
  177                   53.418    0.224         222.45    100.00    103.41   -55.05   -53.51
  178                   51.450    0.402          69.86     45.77     45.30   -34.48   -35.15
  179                   51.730    0.700           4.33      2.37      2.43   -45.32   -43.84
  180                   55.170   -6.739         195.06     79.48     80.20   -59.25   -58.89
  181                   50.830   -0.257          12.19      5.09      5.16   -58.25   -57.68
  182                   50.560   -4.929           8.29      4.58      4.26   -44.70   -48.59
  183                   54.490   -0.625           5.89      2.73      2.71   -53.72   -53.98
  184                   51.320    1.368          16.41     11.05     10.97   -32.64   -33.15
  185                   54.950   -3.049          80.81     37.11     36.24   -54.08   -55.15
  186                   56.361   -3.316         253.53    126.02    125.07   -50.29   -50.67
  187                   56.730   -5.236         197.62     79.48     79.61   -59.78   -59.72
  188                   54.630   -5.886          18.58      7.88      7.99   -57.60   -56.99
  189                   50.680   -1.949          37.73     21.83     22.05   -42.14   -41.54
  190                   54.920   -1.367          16.03      8.43      8.48   -47.39   -47.08
  191                   52.570    1.738          19.23      9.92      9.95   -48.40   -48.28
  192                   51.710   -2.486         127.21     67.67     68.46   -46.81   -46.18
  193                   58.110   -3.657         325.95    135.59    134.93   -58.40   -58.60
  194                   54.650   -1.159          20.66     10.44      9.56   -49.47   -53.73
  195                   51.220   -3.000          14.09      7.42      7.05   -47.30   -49.96
  196                   51.540   -2.985         145.44     71.71     71.53   -50.70   -50.82
  197                   56.064   -3.727          97.92     38.67     40.33   -60.50   -58.82
  198                   50.610   -3.423          55.06     28.53     27.40   -48.18   -50.23
  199                   55.770   -1.991          69.89     28.86     28.79   -58.70   -58.80
  200                   50.350   -4.167          52.27     21.61     22.29   -58.66   -57.36
  201                   53.336   -2.768          56.12     30.34     30.25   -45.93   -46.10
  202                   51.060   -4.207          32.12     15.87     16.09   -50.61   -49.91
  203                   51.620   -3.834          36.67     14.97     15.42   -59.19   -57.95
  204                   45.044   -0.607         237.16    146.50    147.92   -38.23   -37.63
  205                   48.506   -2.689          57.51     30.27     30.81   -47.36   -46.43
  206                   43.529   -1.520          82.49     42.28     42.11   -48.75   -48.95
  207                   49.301   -0.091           9.30      5.41      5.42   -41.80   -41.74
  208                   43.529   -1.520          16.10      8.10      8.07   -49.67   -49.89
  209                   47.500   -2.366          76.86     38.87     38.69   -49.43   -49.66
  210                   49.907    0.930          14.78      9.81      9.84   -33.61   -33.42
  211                   48.283   -4.263          75.47     30.39     30.67   -59.73   -59.36
  212                   49.019   -1.506          20.62      9.11      9.21   -55.81   -55.32
  213                   44.660   -1.043          19.10     13.78     13.70   -27.83   -28.28
  214                   49.369    0.074          11.99      7.47      7.48   -37.66   -37.55
  215                   45.044   -0.607          10.94      6.25      6.33   -42.84   -42.12
  216                   50.180    1.653          37.09     24.72     24.65   -33.36   -33.55
  217                   49.440    0.372          16.38      8.80      7.72   -46.26   -52.89
  218                   49.292   -0.246          28.33     14.48     14.58   -48.89   -48.55
  219                   48.634   -1.512          23.07      9.60      9.50   -58.39   -58.80
  220                   49.480    0.486           8.25      5.41      5.41   -34.51   -34.50
  221                   45.790   -1.124           3.72      2.63      2.61   -29.14   -29.84
  222                   49.480    0.486         470.62    277.04    276.97   -41.13   -41.15
  223                   48.643   -1.413          55.09     23.08     22.83   -58.10   -58.56
  224                   49.337   -0.458           5.29      2.70      2.72   -48.89   -48.56
  225                   45.044   -0.607          73.27     42.23     42.66   -42.36   -41.78
  226                   45.044   -0.607         148.28     83.87     84.61   -43.44   -42.94
  227                   47.290   -1.957         786.50    542.89    543.80   -30.97   -30.86
  228                   49.350   -1.120          28.51     14.00     14.13   -50.89   -50.43
  229                   43.529   -1.520          35.01     18.10     18.02   -48.31   -48.53
  230                   47.737   -3.350          66.09     33.44     33.52   -49.40   -49.28
  231                   45.953   -1.067          65.80     47.35     47.08   -28.03   -28.45
  232                   47.290   -1.957          43.82     25.02     25.10   -42.90   -42.73
  233                   45.044   -0.607         399.66    248.64    251.30   -37.79   -37.12
  234                   50.550    1.603          52.52     33.09     30.87   -36.99   -41.23
  235                   50.064    1.370          43.36   1195.06     21.53  2656.12   -50.36
  236                   43.529   -1.520          17.39      8.74      8.67   -49.77   -50.13
  237                   46.294   -1.268          30.96     14.03     14.42   -54.68   -53.43
  238                   49.480    0.486          23.63     14.53     14.53   -38.49   -38.51
  239                   46.320   -1.112          52.68     31.87     31.70   -39.49   -39.82
  240                   45.953   -1.067          23.19     15.14     15.01   -34.73   -35.29
  241                   43.529   -1.520         184.29     97.66     97.56   -47.01   -47.06
  242                   58.140    7.990    *    152.55     67.31     69.72   -55.87   -54.29
  243                   59.050   10.050    *    118.84     53.23     54.31   -55.21   -54.30
  244                   58.729    5.517    *      5.48      2.27      2.30   -58.65   -58.07
  245                   59.190   10.950    *    746.03    497.03    504.51   -33.38   -32.37
  246                   59.740   10.230    *    327.84    141.77    144.02   -56.76   -56.07
  247                   65.800   12.350    *    166.18     74.39     75.03   -55.24   -54.85
  248                   63.310    9.831    *     62.99     25.84     26.09   -58.98   -58.57
  249                   59.128    9.618    *    294.99    129.10    131.69   -56.24   -55.36
  250                   60.640    5.951    *     96.58     41.95     42.22   -56.57   -56.28
  251                   70.000   23.200    *     94.91     94.91     94.91     0.00     0.00
  252                   59.890   30.210        2333.09   2333.04   2333.04    -0.00    -0.00
  253                   59.660   28.360         106.71     54.51     55.73   -48.91   -47.77
  254                   55.215   10.810           0.32      0.17      0.16   -48.51   -48.76
  255                   55.163   10.135           0.36      0.20      0.20   -45.77   -45.98
  256                   55.724   11.651           0.42      0.21      0.21   -50.86   -51.03
  257                   55.808   12.582           0.26      0.14      0.14   -45.77   -45.83
  258                   55.385    9.841           0.31      0.17      0.17   -46.16   -46.10
  259                   55.468   10.441           0.90      0.46      0.46   -48.44   -48.72
  260                   57.200   10.500           1.29      0.59      0.59   -54.39   -54.10
  261                   56.610   10.320          36.14     17.16     17.48   -52.52   -51.64
  262                   55.200    8.672           1.04      0.48      0.48   -53.83   -53.50
  263                   54.987   12.353           0.10      0.04      0.04   -56.76   -57.42
  264                   54.828   11.140           0.41      0.17      0.17   -58.90   -58.85
  265                   55.209   11.715           1.22      0.60      0.60   -50.71   -50.81
  266                   55.061   10.618           0.44      0.20      0.20   -54.01   -54.63
  267                   55.389   11.220           0.84      0.41      0.41   -51.09   -51.46
  268                   55.209   12.152           0.28      0.13      0.13   -54.59   -54.85
  269                   55.703    9.544           2.19      1.16      1.16   -47.00   -47.13
  270                   55.165   12.029           0.19      0.09      0.09   -51.71   -51.86
  271                   56.370    8.116          22.45      9.61      9.45   -57.21   -57.92
  272                   55.771   11.632           0.43      0.20      0.20   -51.86   -52.03
  273                   55.431   12.211           0.32      0.15      0.14   -54.52   -54.98
  274                   54.694   11.887           0.55      0.25      1.15   -54.85   109.57
  275                   55.453   10.498           0.90      0.46      0.46   -48.44   -48.72
  276                   55.879   12.066           0.36      0.16      0.16   -54.13   -54.33
  277                   55.248    9.494           1.09      0.56      0.56   -49.06   -49.01
  278                   55.090   10.242           0.17      0.09      0.09   -47.10   -47.29
  279                   55.297   10.750           0.86      0.45      0.44   -48.12   -48.37
  280                   55.235   12.235           0.28      0.13      0.13   -54.59   -54.85
  281                   55.678    9.807           0.41      0.20      0.20   -50.95   -51.14
  282                   54.889   12.052           0.34      0.15      0.14   -56.26   -57.70
  283                   55.703    9.544           2.19      1.16      1.16   -47.00   -47.13
  284                   54.773   11.863           0.47      0.23      0.23   -51.17   -50.58
  285                   55.209   12.152           0.28      0.13      0.13   -54.59   -54.85
  286                   54.935    9.624           0.32      0.14      0.14   -55.89   -55.70
  287                   55.190   10.107           0.36      0.16      0.16   -55.38   -54.66
  288                   55.703    9.717           1.44      0.73      0.72   -49.44   -49.65
  289                   55.430    8.623           5.26      2.80      2.83   -46.70   -46.24
  290                   55.803   12.040           0.30      0.17      0.17   -42.64   -42.78
  291                   55.459    9.797           0.45      0.22      0.22   -51.49   -51.45
  292                   54.970    9.861           0.17      0.08      0.08   -52.70   -52.57
  293                   55.489    9.497           2.29      1.13      1.13   -50.66   -50.59
  294                   55.513    9.866           0.47      0.23      0.23   -50.14   -50.11
  295                   55.339   11.207           0.12      0.06      0.05   -55.72   -56.39
  296                   56.126   12.309           0.45      0.18      0.18   -59.20   -59.62
  297                   56.990   10.240           0.05      0.02      0.02   -57.49   -57.59
  298                   56.093   12.461           0.26      0.15      0.15   -43.55   -43.56
  299                   55.172   12.053           0.19      0.09      0.09   -51.71   -51.86
  300                   54.960    8.666           4.50      2.12      2.14   -52.84   -52.42
  301                   56.011   10.217           0.30      0.15      0.15   -49.83   -50.12
  302                   55.147   12.011           0.19      0.09      0.09   -51.71   -51.86
  303                   55.847   12.573           0.26      0.14      0.14   -45.77   -45.83
  304                   55.019    9.927           0.21      0.09      0.09   -56.49   -56.59
  305                   55.971   12.013           0.85      0.40      0.40   -53.25   -53.47
  306                   55.122   12.049           0.19      0.08      0.08   -56.18   -57.73
  307                   55.860   12.064           0.36      0.20      0.20   -44.34   -44.49
  308                   55.042   10.471           0.28      0.13      0.13   -51.53   -52.23
  309                   55.430    9.626           0.29      0.14      0.14   -50.53   -50.45
  310                   54.694   11.887           0.55      0.25      1.15   -54.85   109.57
  311                   55.023   12.427           0.27      0.11      0.11   -57.15   -57.63
  312                   55.476   10.441           0.90      0.46      0.46   -48.44   -48.72
  313                   55.201   11.672           1.22      0.60      0.60   -50.71   -50.81
  314                   55.710   12.113           0.20      0.10      0.10   -47.49   -47.65
  315                   55.649   11.930           0.31      0.16      0.16   -48.94   -49.14
  316                   55.673   11.813           0.19      0.10      0.10   -49.16   -49.33
  317                   55.770   10.015           0.29      0.12      0.12   -58.00   -58.16
  318                   55.705   11.840           0.29      0.15      0.15   -47.46   -47.62
  319                   55.311    9.618           0.45      0.20      0.20   -55.34   -55.31
  320                   54.831   11.491           0.41      0.57      0.17    37.82   -58.11
  321                   55.667   12.012           0.54      0.26      0.26   -51.30   -51.50
  322                   57.520    9.873           1.39      0.80      3.93   -42.32   182.52
  323                   55.358    9.876           0.51      0.22      0.22   -56.62   -56.07
  324                   54.943    9.868           0.12      0.05      0.05   -55.53   -55.44
  325                   55.930   12.524           0.68      0.35      0.35   -48.16   -48.18
  326                   55.439   10.425           0.90      0.46      0.46   -48.44   -48.72
  327                   55.426   12.220           0.32      0.15      0.14   -54.52   -54.98
  328                   55.154   14.705           0.80      0.34      0.33   -57.48   -58.37
  329                   56.710   10.170           2.29      1.12      1.13   -51.05   -50.94
  330                   55.247   11.289           0.09      0.04      0.04   -54.46   -55.14
  331                   55.882   10.111           0.84      0.43      0.43   -49.08   -49.20
  332                   55.525    9.577           0.25      0.12      0.12   -50.17   -50.10
  333                   55.866    9.897           1.01      0.41      0.40   -59.77   -59.92
  334                   55.194   14.989           0.58      0.27      0.26   -53.87   -54.17
  335                   55.854    9.863           1.01      0.49      0.49   -51.43   -51.63
  336                   55.297   10.749           0.86      0.45      0.44   -48.12   -48.37
  337                   55.771   11.632           0.43      0.20      0.20   -51.86   -52.03
  338                   55.088   10.753           0.32      0.17      0.16   -48.34   -48.65
  339                   56.990   10.240           0.05      0.02      0.02   -57.49   -57.59
  340                   55.426   12.220           0.32      0.15      0.14   -54.52   -54.98
  341                   55.724   11.651           0.42      0.21      0.21   -50.86   -51.03
  342                   55.268    9.889           0.06      0.03      0.03   -55.40   -54.80
  343                   55.070   11.813           0.40      0.18      0.18   -54.52   -54.68
  344                   55.361    9.600           0.44      0.20      0.20   -54.68   -54.62
  345                   55.612   12.384           0.26      0.11      0.10   -59.99   -60.54
  346                   55.330    8.673           4.52      2.14      2.15   -52.71   -52.37
  347                   56.099   12.160           0.28      0.14      0.14   -49.83   -50.19
  348                   56.778   10.288           1.19      0.50      0.50   -57.81   -57.88
  349                   55.148   10.784           0.32      0.17      0.16   -48.51   -48.76
  350                   55.583   10.282           0.25      0.13      0.13   -47.80   -48.01
  351                   55.595   12.367           0.26      0.13      0.13   -49.56   -49.93
  352                   55.640   12.502           0.71      0.36      0.36   -49.79   -49.90
  353                   55.626    9.742           0.41      0.20      0.20   -50.95   -51.14
  354                   55.517    9.952           0.47      0.23      0.23   -50.00   -50.10
  355                   54.846   11.804           0.47      0.23      0.23   -51.17   -50.58
  356                   55.454   12.188           0.57      0.26      0.26   -54.67   -55.13
  357                   55.587   10.172           0.61      0.29      0.29   -52.39   -52.67
  358                   55.468   10.441           0.90      0.46      0.46   -48.44   -48.72
  359                   55.440   10.471           0.90      0.46      0.46   -48.44   -48.72
  360                   55.171   10.800           0.32      0.17      0.16   -48.51   -48.76
  361                   55.721   12.111           0.20      0.10      0.10   -47.49   -47.65
  362                   54.828   11.140           0.41      0.17      0.17   -58.90   -58.85
  363                   55.426   12.220           0.32      0.15      0.14   -54.52   -54.98
  364                   55.039   12.140           0.30      0.13      0.13   -57.59   -58.24
  365                   55.010    9.630           0.44      0.20      0.20   -55.20   -55.09
  366                   55.066   10.373           0.92      0.47      0.47   -48.57   -48.78
  367                   56.990   10.240           0.05      0.02      0.02   -57.49   -57.59
  368                   55.218   11.440           0.10      0.04      0.04   -55.21   -55.55
  369                   55.538   11.156           1.68      0.92      0.92   -45.12   -45.39
  370                   54.708   11.251           0.70      0.29      0.29   -59.00   -58.94
  371                   54.910   10.819           0.31      0.14      0.14   -54.19   -54.57
  372                   55.930   12.524           0.68      0.35      0.35   -48.16   -48.18
  373                   55.439   10.425           0.90      0.46      0.46   -48.44   -48.72
  374                   56.710   10.170           1.26      0.59      0.59   -53.41   -53.35
  375                   54.999   14.996           0.66      0.27      0.27   -59.14   -58.37
  376                   57.110   10.400           1.14      0.51      0.51   -55.53   -55.33
  377                   55.999    8.114           4.52      1.91      1.92   -57.69   -57.66
  378                   56.103   12.380           0.26      0.15      0.15   -43.55   -43.56
  379                   55.626    9.742           0.41      0.20      0.20   -50.95   -51.14
  380                   54.802   11.637           0.41      0.19      0.20   -53.00   -52.39
  381                   55.317    9.886           0.41      0.18      0.18   -57.09   -56.66
  382                   55.163   12.025           0.19      0.09      0.09   -51.71   -51.86
  383                   57.500   10.490           1.05      0.44      0.43   -58.43   -58.71
  384                   54.931   11.120           0.15      0.07      0.06   -56.69   -57.32
  385                   56.990   10.240           0.62      0.31      0.31   -50.03   -50.09
  386                   55.206   11.395           0.19      0.09      0.08   -55.52   -55.88
  387                   56.153   10.213           1.79      0.93      0.93   -47.92   -48.06
  388                   56.990   10.240           0.05      0.02      0.02   -57.49   -57.59
  389                   56.085   10.249           0.22      0.11      0.11   -48.97   -49.25
  390                   55.781   12.089           0.30      0.17      0.17   -42.64   -42.78
  391                   55.209   11.715           1.22      0.60      0.60   -50.71   -50.81
  392                   55.828   12.063           0.30      0.17      0.17   -42.64   -42.78
  393                   55.114    9.457           0.22      0.11      0.11   -51.57   -51.35
  394                   55.659   11.783           0.19      0.10      0.10   -49.16   -49.33
  395                   55.999    8.114          44.47     18.93     18.93   -57.43   -57.42
  396                   55.580    8.315           5.26      2.25      2.28   -57.14   -56.71
  397                   55.184   11.740           1.22      0.60      0.60   -50.71   -50.81
  398                   55.055   11.829           0.40      0.18      0.18   -54.52   -54.68
  399                   56.990   10.240          26.47     12.94     12.92   -51.13   -51.20
  400                   55.118   10.775           0.32      0.17      0.16   -48.34   -48.65
  401                   55.509   12.208           0.34      0.16      0.16   -52.96   -53.40
  402                   55.380    8.644           4.52      2.32      2.33   -48.75   -48.50
  403                   55.215    9.976           0.23      0.10      0.11   -54.31   -53.60
  404                   55.317    9.886           0.41      0.18      0.18   -57.09   -56.66
  405                   55.361    9.600           0.44      0.20      0.20   -54.68   -54.62
  406                   57.590   10.130           1.76      0.90      0.90   -48.99   -48.97
  407                   54.960    8.666           4.50      2.12      2.14   -52.84   -52.42
  408                   56.207   10.285           1.01      0.54      0.54   -46.50   -46.64
  409                   59.426   24.342           2.94      1.35      1.35   -54.19   -54.10
  410                   58.770   23.760          25.54     13.62     13.53   -46.68   -47.01
  411                   59.571   25.797           3.27      1.90      1.91   -41.97   -41.57
  412                   59.428   27.535           1.90      0.91      0.93   -51.97   -50.99
  413                   58.390   24.490          50.30     27.80     27.50   -44.72   -45.33
  414                   59.478   25.149          11.96      7.08      7.29   -40.77   -39.08
  415                   59.470   24.818           7.79      4.37      4.36   -43.94   -44.03
  416                   59.520   26.532           5.50      3.36      3.45   -38.93   -37.22
  417                   59.436   26.992           6.85      4.22      4.31   -38.36   -37.07
  418                   59.440   24.350           6.77      3.15      3.16   -53.43   -53.27
  419                   59.549   26.406           3.91      2.32      2.36   -40.71   -39.63
  420                   59.580   28.090         426.37    188.34    189.96   -55.83   -55.45
  421                   59.524   25.541           1.13      0.65      0.66   -42.71   -41.88
  422                   59.271   23.884           4.55      2.48      2.47   -45.41   -45.67
  423                   59.583   25.706           3.97      2.40      2.42   -39.48   -38.97
  424                   54.110   15.140          19.12     10.74     10.88   -43.83   -43.07
  425                   53.533   14.633          14.50      8.78      8.91   -39.44   -38.53
  426                   53.920   14.280         536.25    301.18    303.83   -43.84   -43.34
  427                   54.350   18.950        1080.16    630.24    633.55   -41.65   -41.35
  428                   54.583   16.850          16.78      8.40      8.43   -49.93   -49.73
  429                   54.667   17.050           8.60      3.65      3.66   -57.52   -57.37
  430                   54.317    8.970          29.82     14.11     14.21   -52.66   -52.36
  431                   54.085   12.151          14.40      8.47      8.51   -41.18   -40.90
  432                   53.320    7.254          80.98     44.43     44.44   -45.14   -45.13
  433                   54.671   10.036           2.62      1.43      1.43   -45.48   -45.22
  434                   54.234   11.086           0.54      0.29      0.30   -45.92   -45.51
  435                   54.328   10.185           6.24      3.35      3.36   -46.40   -46.11
  436                   54.439   12.965           3.56      1.94      1.95   -45.66   -45.23
  437                   53.840    9.365         725.48    412.22    379.09   -43.18   -47.75
  438                   54.522    9.738           0.51      0.26      0.26   -48.21   -47.90
  439                   53.902   10.771           8.57      4.63      4.67   -45.97   -45.49
  440                   53.859   13.813          19.25     11.53     11.73   -40.11   -39.06
  441                   54.336   10.649           0.94      0.47      0.48   -49.96   -49.49
  442                   53.920   10.718           1.83      0.93      0.94   -49.32   -48.83
  443                   53.840    9.365          46.94     24.34     22.30   -48.13   -52.49
  444                   53.907   10.967           2.91      1.67      1.68   -42.77   -42.30
  445                   53.530    8.572         326.71    187.29    188.79   -42.67   -42.22

  (* = potentially regulated / snowmelt-dominated)

  Q in m³ s⁻¹.  Δ% = (future − calibration) / calibration × 100.

  Calibration period Q is the mean annual Q from the EMORID record.
  Near = 2020–2040, Far = 2071–2099.
