====================================================================================================
  River Projection Statistics — ssp370
====================================================================================================

  Site                     Lat      Lon  Reg     Q_cal    Q_near     Q_far   Δnear%    Δfar%
  ------------------------------------------------------------------------------------------------
  0                     56.160   14.750    *      0.89      0.37      0.36   -58.95   -59.30
  1                     65.320   21.410    *      5.98      2.35      2.58   -60.68   -56.90
  2                     56.660   12.850    *     43.75     18.64     18.76   -57.39   -57.12
  3                     55.860   14.240    *      1.54      0.60      0.62   -60.63   -59.57
  4                     56.270   12.830    *     19.79      7.37      7.61   -62.73   -61.55
  5                     60.370   18.270    *      0.09      0.05      0.05   -43.47   -43.83
  6                     57.870   16.620    *      0.19      0.12      0.12   -39.81   -39.55
  7                     57.230   12.210    *     41.89     17.50     17.75   -58.23   -57.62
  8                     64.690   21.130    *      5.76      2.22      2.30   -61.48   -59.97
  9                     56.921   16.439    *      0.37      0.15      0.15   -60.12   -60.02
  10                    56.890   12.480    *     54.28     23.88     23.88   -56.01   -56.00
  11                    55.992   12.746    *      0.06      0.02      0.03   -57.00   -56.18
  12                    63.750   20.330    *     15.11      6.16      6.42   -59.22   -57.53
  13                    64.210   21.110    *      0.54      0.21      0.22   -60.64   -58.79
  14                    58.438   11.683    *     23.53     11.37     11.39   -51.69   -51.57
  15                    62.792   18.181    *     17.67      7.13      7.18   -59.66   -59.36
  16                    57.150   16.490    *      0.96      0.55      0.55   -42.08   -42.30
  17                    58.730   17.120    *      0.67      0.29      0.30   -57.02   -55.19
  18                    65.870   22.370    *      1.61      0.57      0.60   -64.50   -62.95
  19                    65.720   21.780    *     17.85     10.31     10.41   -42.22   -41.66
  20                    62.442   17.514    *     15.36      9.17      9.19   -40.32   -40.15
  21                    56.550   12.950    *     78.60     39.05     39.32   -50.31   -49.97
  22                    58.640   16.270    *      2.99      1.80      1.80   -39.91   -39.84
  23                    65.530   21.880    *      0.16      0.06      0.07   -62.41   -56.95
  24                    65.908   22.638    *      0.17      0.12      0.12   -29.09   -28.02
  25                    63.340   19.210    *      1.22      0.48      0.50   -60.20   -59.25
  26                    60.650   17.430    *     11.65      4.85      4.88   -58.35   -58.15
  27                    58.344   11.903    *      5.23      2.36      2.35   -54.88   -55.09
  28                    60.680   17.190    *      0.62      0.33      0.34   -46.60   -45.80
  29                    56.470   16.140    *      0.14      0.06      0.06   -58.99   -56.18
  30                    61.820   17.270    *      0.57      0.23      0.23   -59.53   -59.82
  31                    63.550   19.850    *      1.18      0.45      0.46   -61.66   -60.75
  32                    62.342   17.431    *      4.41      2.28      2.29   -48.39   -48.14
  33                    59.089   11.229    *     14.44      7.09      7.10   -50.94   -50.85
  34                    65.860   24.160    *     14.38      5.76      5.84   -59.91   -59.41
  35                    57.616   18.767    *      2.54      0.93      0.94   -63.37   -63.01
  36                    56.170   15.410    *      0.20      0.08      0.08   -60.61   -60.55
  37                    61.192   17.181    *      7.37      3.07      3.05   -58.28   -58.55
  38                    57.694   11.909    *    577.40    311.28    311.22   -46.09   -46.10
  39                    63.560   19.450    *      0.64      0.25      0.26   -60.78   -60.11
  40                    65.880   23.060    *     10.54      6.24      6.42   -40.82   -39.12
  41                    43.475   -7.055          16.57      7.04      7.26   -57.50   -56.18
  42                    37.136   -6.853           2.04      1.41      1.43   -30.65   -29.71
  43                    37.208   -7.058           0.70      0.59      0.58   -15.53   -16.59
  44                    43.671   -7.903           5.01      2.46      2.52   -50.93   -49.72
  45                    37.136   -6.853           4.01      2.87      2.90   -28.50   -27.64
  46                    43.740   -7.695           6.76      3.50      3.57   -48.31   -47.16
  47                    43.438   -3.450          48.27     21.22     21.69   -56.04   -55.06
  48                    43.328   -8.210           7.56      3.61      3.71   -52.26   -50.91
  49                    42.346   -8.612           7.61      3.30      3.37   -56.63   -55.71
  50                    43.326   -1.921           3.32      1.39      1.41   -58.14   -57.49
  51                    43.326   -3.020           0.28      0.11      0.11   -62.30   -61.26
  52                    43.326   -3.020          18.81      8.42      8.61   -55.25   -54.22
  53                    43.381   -4.510          11.27      4.44      4.54   -60.62   -59.70
  54                    43.514   -8.154           3.37      1.56      1.60   -53.81   -52.56
  55                    43.435   -4.035          13.97      6.17      6.31   -55.84   -54.85
  56                    43.551   -7.261           4.67      2.09      2.14   -55.19   -54.09
  57                    43.133   -9.128          10.40      4.19      4.26   -59.70   -59.06
  58                    42.650   -8.745          43.79     18.94     19.83   -56.75   -54.71
  59                    43.291   -2.132          22.30      9.53      9.71   -57.27   -56.47
  60                    43.503   -8.161           2.35      1.15      1.17   -51.13   -49.99
  61                    42.497   -8.812          11.44      4.82      4.92   -57.85   -56.98
  62                    43.677   -7.599           6.08      3.09      3.17   -49.21   -47.91
  63                    43.364   -2.498           3.65      1.60      1.63   -56.17   -55.30
  64                    43.349   -3.121           2.43      0.90      0.92   -63.01   -62.01
  65                    43.326   -3.020          10.24      3.80      3.90   -62.90   -61.93
  66                    43.380   -2.680           5.09      2.23      2.28   -56.25   -55.24
  67                    36.582   -6.237          11.98      8.74      8.79   -27.02   -26.61
  68                    43.303   -2.248           9.16      3.78      3.86   -58.69   -57.89
  69                    43.413   -8.175          13.98      7.08      7.23   -49.37   -48.27
  70                    43.326   -3.020           0.73      0.28      0.29   -61.25   -60.35
  71                    43.228   -8.942          11.11      4.93      5.07   -55.58   -54.39
  72                    37.176   -7.402          94.18     70.73     68.80   -24.90   -26.95
  73                    43.326   -3.020          12.24      4.57      4.68   -62.68   -61.80
  74                    36.796   -6.345          53.07     28.75     29.17   -45.82   -45.02
  75                    42.816   -8.885          22.46     10.36     10.54   -53.90   -53.08
  76                    43.595   -7.295           3.63      1.64      1.68   -54.79   -53.63
  77                    43.325   -1.981          10.32      4.51      4.58   -56.35   -55.59
  78                    43.004   -9.251           4.43      1.96      2.00   -55.67   -54.86
  79                    42.425   -8.656          17.90      7.28      7.45   -59.35   -58.38
  80                    43.467   -5.065          14.47      6.61      6.74   -54.28   -53.38
  81                    43.325   -2.418           2.77      1.20      1.23   -56.71   -55.67
  82                    43.412   -2.950           4.09      1.82      1.87   -55.35   -54.19
  83                    42.905   -9.126          14.96      6.76      6.89   -54.81   -53.91
  84                    43.449   -3.755           4.71      2.27      2.31   -51.87   -50.97
  85                    43.647   -8.083           2.07      1.03      1.06   -50.35   -49.10
  86                    43.343   -8.383           6.64      3.58      3.65   -46.15   -45.01
  87                    41.924   -8.773         274.83    110.51    112.77   -59.79   -58.97
  88                    43.565   -6.077          51.37     22.82     23.38   -55.58   -54.48
  89                    43.194   -9.042           6.90      3.02      3.10   -56.22   -55.07
  90                    43.441   -3.981          11.40      4.83      4.94   -57.60   -56.65
  91                    63.877  -21.208    *    362.36    362.38    362.38     0.01     0.01
  92                    63.773  -20.802    *    336.11    336.12    336.12     0.00     0.00
  93                    65.620   25.050    *     40.46     15.53     15.90   -61.61   -60.70
  94                    64.290   23.910    *     40.91     24.74     25.23   -39.54   -38.33
  95                    60.213   24.985    *     16.23      9.65      9.59   -40.52   -40.92
  96                    60.350   23.100    *      5.72      3.12      3.08   -45.50   -46.15
  97                    64.850   24.700    *     38.26     23.71     24.46   -38.03   -36.08
  98                    60.383   25.667    *     10.41      6.49      6.44   -37.70   -38.16
  99                    60.442   26.847    *    288.44    166.56    165.56   -42.25   -42.60
  100                   63.270   21.860    *     39.83     23.63     23.83   -40.68   -40.18
  101                   62.200   21.400    *     13.58      7.54      7.59   -44.48   -44.10
  102                   64.992   25.431    *    255.60    132.73    134.03   -48.07   -47.56
  103                   61.220   21.620    *      8.54      3.65      3.75   -57.22   -56.05
  104                   65.200   25.290    *     42.13     17.05     17.33   -59.53   -58.87
  105                   60.340   25.530    *      6.65      4.13      4.09   -37.85   -38.52
  106                   60.433   22.233    *      7.18      3.66      3.60   -49.05   -49.90
  107                   60.550   27.850    *      7.73      4.89      4.96   -36.78   -35.92
  108                   60.583   27.733    *      4.39      2.66      2.68   -39.48   -38.92
  109                   64.480   24.220    *     31.78     20.39     20.54   -35.85   -35.36
  110                   65.340   25.260    *    166.15     63.98     65.20   -61.49   -60.76
  111                   60.417   22.660    *      8.27      4.59      4.51   -44.54   -45.43
  112                   64.230   23.710    *     11.73      7.40      7.71   -36.91   -34.30
  113                   62.340   21.300    *      8.90      5.15      5.18   -42.16   -41.86
  114                   60.150   23.067    *      6.52      3.54      3.51   -45.62   -46.12
  115                   61.550   21.630    *    215.01    107.02    107.01   -50.23   -50.23
  116                   65.742   24.514    *    560.43    210.45    213.20   -62.45   -61.96
  117                   63.560   22.510    *     30.28     19.64     19.80   -35.15   -34.62
  118                   63.880   23.170    *     21.10      9.30     10.99   -55.90   -47.94
  119                   60.093   23.560    *     18.07      9.35      9.29   -48.29   -48.59
  120                   57.645   22.146          16.98      7.50      7.11   -55.85   -58.11
  121                   57.248   21.413           5.87      3.19      3.38   -45.70   -42.38
  122                   57.160   24.260          77.25     41.74     41.72   -45.96   -45.99
  123                   57.010   23.930         107.50     54.66     54.88   -49.15   -48.95
  124                   57.880   24.350          38.50     20.68     20.54   -46.29   -46.65
  125                   56.413   21.049          20.15     10.15     11.16   -49.61   -44.61
  126                   57.400   21.550          89.97     35.47     35.66   -60.58   -60.37
  127                   57.070   24.050         607.23    390.27    389.29   -35.73   -35.89
  128                   56.980   21.345           2.82      1.29      1.29   -54.15   -54.49
  129                   53.209    5.439           0.81      0.33      0.32   -59.71   -60.43
  130                   53.070    5.336         212.78     84.33     83.92   -60.37   -60.56
  131                   52.940    5.042         284.09    114.37    111.62   -59.74   -60.71
  132                   51.980    4.120        1308.08    516.52    525.93   -60.51   -59.79
  133                   53.327    6.930           2.46      1.04      1.06   -57.88   -57.15
  134                   51.840    4.017         561.87    277.97    288.00   -50.53   -48.74
  135                   53.179    5.419           4.74      1.98      1.95   -58.11   -58.80
  136                   53.411    6.191          42.01     16.49     16.19   -60.75   -61.47
  137                   53.309    5.626           1.05      0.48      0.48   -54.47   -54.29
  138                   52.470    4.600          86.63     35.08     34.58   -59.51   -60.08
  139                   51.337    3.213           3.61      1.48      1.53   -58.93   -57.58
  140                   51.337    3.213           0.92      0.54      0.55   -40.97   -39.88
  141                   51.339    3.813          19.93     10.78     10.96   -45.91   -44.99
  142                   51.238    2.922           7.27      3.36      3.44   -53.82   -52.73
  143                   51.349    4.249         134.84     71.59     73.07   -46.91   -45.81
  144                   51.154    2.722           8.93      3.21      3.43   -63.99   -61.61
  145                   51.337    3.213           1.35      0.62      0.64   -53.95   -52.72
  146                   41.148   -8.638         434.74    217.85    222.22   -49.89   -48.88
  147                   38.934   -8.999         246.85    158.57    159.68   -35.76   -35.31
  148                   55.730   21.090         490.25    277.93    273.47   -43.31   -44.22
  149                   55.279   21.081           6.93      2.63      2.63   -62.06   -61.99
  150                   52.240   -6.968          78.85     30.46     31.14   -61.37   -60.51
  151                   52.360   -6.506          41.49     16.11     16.85   -61.17   -59.40
  152                   51.850   -8.329          46.58     22.55     22.85   -51.59   -50.95
  153                   52.780   -8.946          23.54     10.17     10.24   -56.81   -56.52
  154                   52.820   -6.123          21.84      8.85      8.92   -59.49   -59.15
  155                   54.140   -9.145          64.07     24.75     24.86   -61.37   -61.20
  156                   53.710   -6.337          44.91     21.18     21.49   -52.85   -52.14
  157                   52.519   -8.718          17.45     33.55      6.96    92.26   -60.12
  158                   53.350   -6.222          17.51      7.96     11.96   -54.53   -31.68
  159                   53.300   -9.073         104.65     42.90     42.42   -59.01   -59.46
  160                   52.524   -8.938           8.56      3.25      3.28   -62.02   -61.64
  161                   52.660   -8.702         186.48     65.28     63.36   -64.99   -66.02
  162                   52.240   -6.968          45.80     17.53     17.91   -61.73   -60.91
  163                   52.240   -6.968          43.05     16.49     16.91   -61.70   -60.73
  164                   51.690   -8.537          23.17      9.31      9.58   -59.82   -58.66
  165                   51.950   -7.840          82.40     31.60     32.13   -61.66   -61.00
  166                   54.500   -8.210         108.96     41.63     42.05   -61.79   -61.41
  167                   54.980   -3.566         175.28     73.88     74.67   -57.85   -57.40
  168                   55.920   -4.472         175.93     64.01     64.62   -63.61   -63.27
  169                   52.790    0.369          53.52     27.41     28.05   -48.78   -47.58
  170                   53.990   -2.881         124.90     46.05     47.14   -63.13   -62.26
  171                   55.010   -1.422          48.10     23.20     24.17   -51.76   -49.75
  172                   57.670   -3.095         170.17     66.94     70.37   -60.66   -58.65
  173                   50.910   -1.450          13.07      7.83      7.84   -40.14   -40.03
  174                   53.240   -3.087          58.04     33.77     31.79   -41.82   -45.22
  175                   52.110   -4.689          90.23     34.59     35.28   -61.67   -60.90
  176                   51.780   -4.364          74.25     28.17     28.91   -62.05   -61.06
  177                   53.418    0.224         222.45     95.26     90.86   -57.17   -59.16
  178                   51.450    0.402          69.86     41.69     42.39   -40.33   -39.33
  179                   51.730    0.700           4.33      2.16      2.31   -50.12   -46.59
  180                   55.170   -6.739         195.06     71.64     73.09   -63.27   -62.53
  181                   50.830   -0.257          12.19      4.44      4.61   -63.60   -62.21
  182                   50.560   -4.929           8.29      5.55      5.27   -33.09   -36.44
  183                   54.490   -0.625           5.89      2.51      2.59   -57.37   -56.09
  184                   51.320    1.368          16.41     10.23     10.38   -37.66   -36.72
  185                   54.950   -3.049          80.81     33.46     34.23   -58.60   -57.64
  186                   56.361   -3.316         253.53    117.99    119.07   -53.46   -53.03
  187                   56.730   -5.236         197.62     72.29     73.08   -63.42   -63.02
  188                   54.630   -5.886          18.58      7.36      7.46   -60.38   -59.83
  189                   50.680   -1.949          37.73     20.77     20.85   -44.95   -44.74
  190                   54.920   -1.367          16.03      7.83      8.04   -51.15   -49.86
  191                   52.570    1.738          19.23      8.91      9.37   -53.68   -51.30
  192                   51.710   -2.486         127.21     65.53     64.15   -48.48   -49.57
  193                   58.110   -3.657         325.95    125.32    127.49   -61.55   -60.89
  194                   54.650   -1.159          20.66      8.90      9.20   -56.91   -55.46
  195                   51.220   -3.000          14.09      7.63      8.53   -45.85   -39.48
  196                   51.540   -2.985         145.44     70.97     70.48   -51.20   -51.54
  197                   56.064   -3.727          97.92     36.17     36.81   -63.06   -62.41
  198                   50.610   -3.423          55.06     27.83     28.86   -49.45   -47.59
  199                   55.770   -1.991          69.89     26.61     27.35   -61.93   -60.86
  200                   50.350   -4.167          52.27     19.54     19.89   -62.62   -61.95
  201                   53.336   -2.768          56.12     29.85     29.88   -46.81   -46.76
  202                   51.060   -4.207          32.12     14.73     15.02   -54.13   -53.24
  203                   51.620   -3.834          36.67     14.16     14.63   -61.39   -60.12
  204                   45.044   -0.607         237.16    137.58    140.72   -41.99   -40.67
  205                   48.506   -2.689          57.51     27.40     28.07   -52.35   -51.19
  206                   43.529   -1.520          82.49     38.54     39.28   -53.27   -52.38
  207                   49.301   -0.091           9.30      5.06      5.18   -45.60   -44.22
  208                   43.529   -1.520          16.10      7.38      7.53   -54.15   -53.24
  209                   47.500   -2.366          76.86     34.67     36.66   -54.89   -52.31
  210                   49.907    0.930          14.78      9.42      9.48   -36.28   -35.82
  211                   48.283   -4.263          75.47     25.99     26.81   -65.56   -64.48
  212                   49.019   -1.506          20.62      8.37      8.55   -59.42   -58.54
  213                   44.660   -1.043          19.10     12.91     13.03   -32.40   -31.75
  214                   49.369    0.074          11.99      7.12      7.26   -40.60   -39.40
  215                   45.044   -0.607          10.94      5.66      5.84   -48.24   -46.56
  216                   50.180    1.653          37.09     23.71     23.93   -36.07   -35.49
  217                   49.440    0.372          16.38      7.44      9.02   -54.56   -44.91
  218                   49.292   -0.246          28.33     13.27     13.78   -53.18   -51.38
  219                   48.634   -1.512          23.07      8.51      8.76   -63.10   -62.01
  220                   49.480    0.486           8.25      5.17      5.22   -37.39   -36.81
  221                   45.790   -1.124           3.72      2.45      2.47   -34.16   -33.59
  222                   49.480    0.486         470.62    258.77    262.08   -45.01   -44.31
  223                   48.643   -1.413          55.09     20.91     21.60   -62.04   -60.80
  224                   49.337   -0.458           5.29      2.49      2.56   -52.86   -51.68
  225                   45.044   -0.607          73.27     38.81     39.88   -47.04   -45.57
  226                   45.044   -0.607         148.28     76.75     78.95   -48.24   -46.76
  227                   47.290   -1.957         786.50    521.72    519.98   -33.67   -33.89
  228                   49.350   -1.120          28.51     12.79     13.11   -55.14   -54.02
  229                   43.529   -1.520          35.01     16.48     16.79   -52.94   -52.05
  230                   47.737   -3.350          66.09     29.78     30.46   -54.93   -53.91
  231                   45.953   -1.067          65.80     44.39     44.48   -32.54   -32.39
  232                   47.290   -1.957          43.82     23.74     23.60   -45.83   -46.14
  233                   45.044   -0.607         399.66    231.89    237.53   -41.98   -40.57
  234                   50.550    1.603          52.52     29.19     30.05   -44.42   -42.79
  235                   50.064    1.370          43.36     98.61   1788.39   127.41  4024.50
  236                   43.529   -1.520          17.39      7.86      8.03   -54.79   -53.84
  237                   46.294   -1.268          30.96     12.46     12.67   -59.76   -59.07
  238                   49.480    0.486          23.63     13.77     13.91   -41.74   -41.13
  239                   46.320   -1.112          52.68     29.46     29.40   -44.08   -44.19
  240                   45.953   -1.067          23.19     14.22     14.20   -38.66   -38.78
  241                   43.529   -1.520         184.29     91.32     92.69   -50.45   -49.71
  242                   58.140    7.990    *    152.55     64.53     65.82   -57.70   -56.85
  243                   59.050   10.050    *    118.84     51.45     53.57   -56.70   -54.92
  244                   58.729    5.517    *      5.48      2.13      2.16   -61.16   -60.51
  245                   59.190   10.950    *    746.03    490.31    488.57   -34.28   -34.51
  246                   59.740   10.230    *    327.84    136.13    140.59   -58.48   -57.12
  247                   65.800   12.350    *    166.18     72.78     72.75   -56.20   -56.22
  248                   63.310    9.831    *     62.99     24.97     24.89   -60.36   -60.48
  249                   59.128    9.618    *    294.99    124.11    126.14   -57.93   -57.24
  250                   60.640    5.951    *     96.58     41.49     41.44   -57.04   -57.09
  251                   70.000   23.200    *     94.91     94.91     94.91     0.00     0.00
  252                   59.890   30.210        2333.09    963.61   1023.24   -58.70   -56.14
  253                   59.660   28.360         106.71     53.57     53.78   -49.80   -49.60
  254                   55.215   10.810           0.32      0.15      0.16   -52.56   -51.41
  255                   55.163   10.135           0.36      0.18      0.19   -49.41   -48.52
  256                   55.724   11.651           0.42      0.19      0.19   -55.37   -54.51
  257                   55.808   12.582           0.26      0.13      0.13   -48.49   -48.83
  258                   55.385    9.841           0.31      0.16      0.16   -49.72   -49.05
  259                   55.468   10.441           0.90      0.43      0.44   -52.35   -51.31
  260                   57.200   10.500           1.29      0.55      0.55   -57.45   -57.36
  261                   56.610   10.320          36.14     16.51     16.72   -54.33   -53.72
  262                   55.200    8.672           1.04      0.45      0.46   -56.80   -56.24
  263                   54.987   12.353           0.10      0.04      0.04   -61.96   -60.84
  264                   54.828   11.140           0.41      0.15      0.15   -63.88   -62.74
  265                   55.209   11.715           1.22      0.55      0.56   -55.29   -54.43
  266                   55.061   10.618           0.44      0.18      0.19   -58.40   -57.29
  267                   55.389   11.220           0.84      0.37      0.38   -55.55   -54.67
  268                   55.209   12.152           0.28      0.13      0.12   -55.51   -58.47
  269                   55.703    9.544           2.19      1.13      1.11   -48.22   -49.31
  270                   55.165   12.029           0.19      0.08      0.09   -56.51   -55.76
  271                   56.370    8.116          22.45      8.84      8.91   -60.64   -60.29
  272                   55.771   11.632           0.43      0.19      0.19   -56.31   -55.43
  273                   55.431   12.211           0.32      0.13      0.13   -58.87   -58.54
  274                   54.694   11.887           0.55      0.20      0.20   -63.27   -63.07
  275                   55.453   10.498           0.90      0.43      0.44   -52.35   -51.31
  276                   55.879   12.066           0.36      0.15      0.16   -57.00   -56.45
  277                   55.248    9.494           1.09      0.53      0.53   -51.04   -51.41
  278                   55.090   10.242           0.17      0.09      0.09   -50.65   -49.76
  279                   55.297   10.750           0.86      0.41      0.42   -52.16   -51.05
  280                   55.235   12.235           0.28      0.13      0.12   -55.51   -58.47
  281                   55.678    9.807           0.41      0.20      0.19   -52.33   -54.10
  282                   54.889   12.052           0.34      0.13      0.14   -61.40   -58.41
  283                   55.703    9.544           2.19      1.13      1.11   -48.22   -49.31
  284                   54.773   11.863           0.47      0.21      0.21   -56.11   -55.44
  285                   55.209   12.152           0.28      0.13      0.12   -55.51   -58.47
  286                   54.935    9.624           0.32      0.13      0.13   -59.40   -58.78
  287                   55.190   10.107           0.36      0.16      0.16   -56.84   -54.89
  288                   55.703    9.717           1.44      0.72      0.69   -49.93   -52.24
  289                   55.430    8.623           5.26      2.68      2.70   -49.04   -48.66
  290                   55.803   12.040           0.30      0.16      0.16   -46.16   -45.26
  291                   55.459    9.797           0.45      0.20      0.20   -55.43   -54.76
  292                   54.970    9.861           0.17      0.07      0.07   -56.06   -55.38
  293                   55.489    9.497           2.29      1.07      1.07   -53.17   -53.19
  294                   55.513    9.866           0.47      0.21      0.22   -54.08   -53.41
  295                   55.339   11.207           0.12      0.05      0.05   -61.07   -59.38
  296                   56.126   12.309           0.45      0.16      0.17   -63.21   -62.48
  297                   56.990   10.240           0.05      0.02      0.02   -61.70   -61.47
  298                   56.093   12.461           0.26      0.14      0.14   -46.33   -46.30
  299                   55.172   12.053           0.19      0.08      0.09   -56.51   -55.76
  300                   54.960    8.666           4.50      1.97      2.01   -56.24   -55.20
  301                   56.011   10.217           0.30      0.14      0.14   -53.39   -52.67
  302                   55.147   12.011           0.19      0.08      0.09   -56.51   -55.76
  303                   55.847   12.573           0.26      0.13      0.13   -48.49   -48.83
  304                   55.019    9.927           0.21      0.08      0.08   -61.30   -60.73
  305                   55.971   12.013           0.85      0.37      0.38   -56.33   -55.85
  306                   55.122   12.049           0.19      0.07      0.08   -61.71   -57.91
  307                   55.860   12.064           0.36      0.19      0.19   -48.09   -47.19
  308                   55.042   10.471           0.28      0.12      0.13   -55.06   -53.58
  309                   55.430    9.626           0.29      0.13      0.13   -54.01   -53.29
  310                   54.694   11.887           0.55      0.20      0.20   -63.27   -63.07
  311                   55.023   12.427           0.27      0.10      0.10   -62.12   -61.30
  312                   55.476   10.441           0.90      0.43      0.44   -52.35   -51.31
  313                   55.201   11.672           1.22      0.55      0.56   -55.29   -54.43
  314                   55.710   12.113           0.20      0.09      0.10   -51.75   -50.91
  315                   55.649   11.930           0.31      0.14      0.15   -53.25   -52.40
  316                   55.673   11.813           0.19      0.09      0.09   -53.38   -52.53
  317                   55.770   10.015           0.29      0.11      0.11   -60.86   -60.49
  318                   55.705   11.840           0.29      0.14      0.14   -51.53   -50.63
  319                   55.311    9.618           0.45      0.19      0.19   -58.74   -58.53
  320                   54.831   11.491           0.41      0.32      1.07   -22.28   159.68
  321                   55.667   12.012           0.54      0.24      0.24   -55.83   -54.97
  322                   57.520    9.873           1.39      1.92      1.66    38.05    19.26
  323                   55.358    9.876           0.51      0.21      0.22   -58.97   -57.21
  324                   54.943    9.868           0.12      0.05      0.05   -59.54   -58.84
  325                   55.930   12.524           0.68      0.33      0.33   -51.04   -50.90
  326                   55.439   10.425           0.90      0.43      0.44   -52.35   -51.31
  327                   55.426   12.220           0.32      0.13      0.13   -58.87   -58.54
  328                   55.154   14.705           0.80      0.30      0.41   -62.85   -48.61
  329                   56.710   10.170           2.29      1.09      1.08   -52.26   -52.90
  330                   55.247   11.289           0.09      0.04      0.04   -59.63   -57.92
  331                   55.882   10.111           0.84      0.40      0.40   -52.73   -52.14
  332                   55.525    9.577           0.25      0.12      0.12   -52.80   -52.84
  333                   55.866    9.897           1.01      0.38      0.39   -62.08   -61.72
  334                   55.194   14.989           0.58      0.23      0.23   -59.55   -59.65
  335                   55.854    9.863           1.01      0.48      0.46   -52.22   -54.29
  336                   55.297   10.749           0.86      0.41      0.42   -52.16   -51.05
  337                   55.771   11.632           0.43      0.19      0.19   -56.31   -55.43
  338                   55.088   10.753           0.32      0.15      0.16   -52.51   -51.16
  339                   56.990   10.240           0.05      0.02      0.02   -61.70   -61.47
  340                   55.426   12.220           0.32      0.13      0.13   -58.87   -58.54
  341                   55.724   11.651           0.42      0.19      0.19   -55.37   -54.51
  342                   55.268    9.889           0.06      0.02      0.03   -57.77   -55.78
  343                   55.070   11.813           0.40      0.16      0.16   -59.43   -58.92
  344                   55.361    9.600           0.44      0.19      0.19   -57.58   -57.52
  345                   55.612   12.384           0.26      0.10      0.10   -63.55   -62.79
  346                   55.330    8.673           4.52      2.00      2.03   -55.80   -55.22
  347                   56.099   12.160           0.28      0.13      0.13   -53.49   -53.21
  348                   56.778   10.288           1.19      0.46      0.46   -61.43   -61.12
  349                   55.148   10.784           0.32      0.15      0.16   -52.56   -51.41
  350                   55.583   10.282           0.25      0.12      0.12   -51.43   -50.53
  351                   55.595   12.367           0.26      0.13      0.12   -52.44   -52.48
  352                   55.640   12.502           0.71      0.34      0.34   -52.23   -52.62
  353                   55.626    9.742           0.41      0.20      0.19   -52.33   -54.10
  354                   55.517    9.952           0.47      0.21      0.22   -54.07   -53.20
  355                   54.846   11.804           0.47      0.21      0.21   -56.11   -55.44
  356                   55.454   12.188           0.57      0.23      0.24   -59.04   -58.68
  357                   55.587   10.172           0.61      0.27      0.27   -56.57   -55.73
  358                   55.468   10.441           0.90      0.43      0.44   -52.35   -51.31
  359                   55.440   10.471           0.90      0.43      0.44   -52.35   -51.31
  360                   55.171   10.800           0.32      0.15      0.16   -52.56   -51.41
  361                   55.721   12.111           0.20      0.09      0.10   -51.75   -50.91
  362                   54.828   11.140           0.41      0.15      0.15   -63.88   -62.74
  363                   55.426   12.220           0.32      0.13      0.13   -58.87   -58.54
  364                   55.039   12.140           0.30      0.11      0.12   -62.71   -61.52
  365                   55.010    9.630           0.44      0.18      0.18   -59.28   -58.51
  366                   55.066   10.373           0.92      0.44      0.45   -52.58   -51.77
  367                   56.990   10.240           0.05      0.02      0.02   -61.70   -61.47
  368                   55.218   11.440           0.10      0.04      0.04   -60.60   -59.82
  369                   55.538   11.156           1.68      0.85      0.86   -49.74   -48.95
  370                   54.708   11.251           0.70      0.25      0.26   -63.76   -62.73
  371                   54.910   10.819           0.31      0.13      0.13   -59.38   -58.44
  372                   55.930   12.524           0.68      0.33      0.33   -51.04   -50.90
  373                   55.439   10.425           0.90      0.43      0.44   -52.35   -51.31
  374                   56.710   10.170           1.26      0.56      0.56   -55.53   -55.78
  375                   54.999   14.996           0.66      0.24      0.26   -63.76   -60.74
  376                   57.110   10.400           1.14      0.50      0.47   -56.34   -58.41
  377                   55.999    8.114           4.52      1.77      1.80   -60.77   -60.15
  378                   56.103   12.380           0.26      0.14      0.14   -46.33   -46.30
  379                   55.626    9.742           0.41      0.20      0.19   -52.33   -54.10
  380                   54.802   11.637           0.41      0.17      0.17   -58.66   -57.91
  381                   55.317    9.886           0.41      0.17      0.17   -59.69   -57.92
  382                   55.163   12.025           0.19      0.08      0.09   -56.51   -55.76
  383                   57.500   10.490           1.05      0.40      0.40   -62.08   -61.78
  384                   54.931   11.120           0.15      0.06      0.06   -62.60   -61.06
  385                   56.990   10.240           0.62      0.29      0.29   -52.66   -53.07
  386                   55.206   11.395           0.19      0.08      0.08   -60.90   -60.09
  387                   56.153   10.213           1.79      0.86      0.88   -51.74   -51.05
  388                   56.990   10.240           0.05      0.02      0.02   -61.70   -61.47
  389                   56.085   10.249           0.22      0.10      0.10   -52.71   -51.96
  390                   55.781   12.089           0.30      0.16      0.16   -46.16   -45.26
  391                   55.209   11.715           1.22      0.55      0.56   -55.29   -54.43
  392                   55.828   12.063           0.30      0.16      0.16   -46.16   -45.26
  393                   55.114    9.457           0.22      0.10      0.10   -54.67   -54.10
  394                   55.659   11.783           0.19      0.09      0.09   -53.38   -52.53
  395                   55.999    8.114          44.47     17.57     17.84   -60.49   -59.87
  396                   55.580    8.315           5.26      2.10      2.14   -60.17   -59.42
  397                   55.184   11.740           1.22      0.55      0.56   -55.29   -54.43
  398                   55.055   11.829           0.40      0.16      0.16   -59.43   -58.92
  399                   56.990   10.240          26.47     12.26     12.17   -53.69   -54.02
  400                   55.118   10.775           0.32      0.15      0.16   -52.51   -51.16
  401                   55.509   12.208           0.34      0.14      0.15   -57.47   -57.21
  402                   55.380    8.644           4.52      2.19      2.21   -51.55   -51.09
  403                   55.215    9.976           0.23      0.10      0.11   -55.49   -53.60
  404                   55.317    9.886           0.41      0.17      0.17   -59.69   -57.92
  405                   55.361    9.600           0.44      0.19      0.19   -57.58   -57.52
  406                   57.590   10.130           1.76      0.85      0.85   -51.83   -51.80
  407                   54.960    8.666           4.50      1.97      2.01   -56.24   -55.20
  408                   56.207   10.285           1.01      0.51      0.51   -50.03   -49.38
  409                   59.426   24.342           2.94      1.26      1.25   -57.30   -57.64
  410                   58.770   23.760          25.54     13.02     12.95   -49.02   -49.29
  411                   59.571   25.797           3.27      1.84      1.83   -43.85   -44.18
  412                   59.428   27.535           1.90      0.88      0.88   -53.40   -53.83
  413                   58.390   24.490          50.30     26.45     26.26   -47.42   -47.79
  414                   59.478   25.149          11.96      6.81      6.84   -43.10   -42.81
  415                   59.470   24.818           7.79      4.14      4.09   -46.87   -47.46
  416                   59.520   26.532           5.50      3.25      3.24   -40.94   -40.99
  417                   59.436   26.992           6.85      4.11      4.08   -39.93   -40.45
  418                   59.440   24.350           6.77      2.95      2.93   -56.47   -56.77
  419                   59.549   26.406           3.91      2.23      2.22   -42.91   -43.11
  420                   59.580   28.090         426.37    179.11    188.63   -57.99   -55.76
  421                   59.524   25.541           1.13      0.62      0.62   -44.88   -45.01
  422                   59.271   23.884           4.55      2.40      2.35   -47.31   -48.36
  423                   59.583   25.706           3.97      2.33      2.32   -41.36   -41.61
  424                   54.110   15.140          19.12     10.38     10.44   -45.72   -45.39
  425                   53.533   14.633          14.50      8.34      8.41   -42.46   -41.97
  426                   53.920   14.280         536.25    293.92    295.18   -45.19   -44.96
  427                   54.350   18.950        1080.16    603.32    605.05   -44.15   -43.98
  428                   54.583   16.850          16.78      8.10      8.13   -51.72   -51.53
  429                   54.667   17.050           8.60      3.44      3.47   -59.97   -59.58
  430                   54.317    8.970          29.82     13.27     13.51   -55.51   -54.68
  431                   54.085   12.151          14.40      7.98      8.12   -44.60   -43.65
  432                   53.320    7.254          80.98     41.40     41.65   -48.87   -48.57
  433                   54.671   10.036           2.62      1.34      1.36   -48.75   -47.95
  434                   54.234   11.086           0.54      0.27      0.28   -50.51   -49.17
  435                   54.328   10.185           6.24      3.39      3.19   -45.73   -48.87
  436                   54.439   12.965           3.56      1.86      1.85   -47.83   -48.17
  437                   53.840    9.365         725.48    354.90    371.07   -51.08   -48.85
  438                   54.522    9.738           0.51      0.24      0.25   -51.84   -51.09
  439                   53.902   10.771           8.57      4.28      4.48   -50.02   -47.75
  440                   53.859   13.813          19.25     11.03     11.08   -42.72   -42.44
  441                   54.336   10.649           0.94      0.43      0.45   -54.00   -52.65
  442                   53.920   10.718           1.83      0.85      0.89   -53.78   -51.46
  443                   53.840    9.365          46.94     20.56     21.63   -56.20   -53.91
  444                   53.907   10.967           2.91      1.55      1.61   -46.63   -44.72
  445                   53.530    8.572         326.71    174.44    179.30   -46.61   -45.12

  (* = potentially regulated / snowmelt-dominated)

  Q in m³ s⁻¹.  Δ% = (future − calibration) / calibration × 100.

  Calibration period Q is the mean annual Q from the EMORID record.
  Near = 2020–2040, Far = 2071–2099.
