T-grid
lon,lat
-7.50000,48.50000
-7.50000,48.55000
-7.50000,48.60000
-7.50000,48.65000
-7.50000,48.70000
-7.50000,48.75000
-7.50000,48.80000
-7.50000,48.85000
-7.50000,48.90000
-7.50000,48.95000
-7.50000,49.00000
-7.50000,49.05000
-7.50000,49.10000
-7.50000,49.15000
-7.50000,49.20000
-7.50000,49.25000
-7.50000,49.30000
-7.50000,49.35000
-7.50000,49.40000
-7.50000,49.45000
-7.50000,49.50000
-7.50000,49.55000
-7.50000,49.60000
-7.50000,49.65000
-7.50000,49.70000
-7.50000,49.75000
-7.50000,49.80000
-7.50000,49.85000
-7.50000,49.90000
-7.50000,49.95000
-7.50000,50.00000
-7.50000,50.05000
-7.50000,50.10000
-7.50000,50.15000
-7.50000,50.20000
-7.50000,50.25000
-7.50000,50.30000
-7.50000,50.35000
-7.50000,50.40000
-7.50000,50.45000
-7.50000,50.50000
-7.50000,50.55000
-7.50000,50.60000
-7.50000,50.65000
-7.50000,50.70000
-7.50000,50.75000
-7.50000,50.80000
-7.50000,50.85000
-7.50000,50.90000
-7.50000,50.95000
-7.50000,51.00000
-7.50000,51.05000
-7.50000,51.10000
-7.50000,51.15000
-7.50000,51.20000
-7.50000,51.25000
-7.50000,51.30000
-7.50000,51.35000
-7.50000,51.40000
-7.50000,51.45000
-7.50000,51.50000
-7.50000,51.55000
-7.50000,51.60000
-7.50000,51.65000
-7.50000,51.70000
-7.50000,51.75000
-7.50000,51.80000
-7.50000,51.85000
-7.50000,51.90000
-7.50000,51.95000
-7.50000,52.00000
-7.50000,52.05000
-7.50000,52.10000
-7.50000,55.30000
-7.50000,55.35000
-7.50000,55.40000
-7.50000,55.45000
-7.50000,55.50000
-7.50000,55.55000
-7.50000,55.60000
-7.50000,55.65000
-7.50000,55.70000
-7.50000,55.75000
-7.50000,55.80000
-7.50000,55.85000
-7.50000,55.90000
-7.50000,55.95000
-7.50000,56.00000
-7.50000,56.05000
-7.50000,56.10000
-7.50000,56.15000
-7.50000,56.20000
-7.50000,56.25000
-7.50000,56.30000
-7.50000,56.35000
-7.50000,56.40000
-7.50000,56.45000
-7.50000,56.50000
-7.50000,56.55000
-7.50000,56.60000
-7.50000,56.65000
-7.50000,56.70000
-7.50000,56.75000
-7.50000,56.80000
-7.50000,56.85000
-7.50000,56.90000
-6.22000,58.55000
-6.22000,58.60000
-6.22000,58.65000
-6.22000,58.70000
-6.22000,58.75000
-6.22000,58.80000
-6.22000,58.85000
-6.22000,58.90000
-6.22000,58.95000
-6.22000,59.00000
-6.22000,59.05000
-6.22000,59.10000
-6.22000,59.15000
-4.62000,59.20000
-4.62000,59.25000
-4.62000,59.30000
-4.62000,59.35000
-4.62000,59.40000
-4.62000,59.45000
-4.62000,59.50000
-4.62000,59.55000
-4.62000,59.60000
-4.62000,59.65000
-4.62000,59.70000
-4.62000,59.75000
-4.62000,59.80000
-6.14000,59.15000
-6.06000,59.15000
-5.98000,59.15000
-5.90000,59.15000
-5.82000,59.15000
-5.74000,59.15000
-5.66000,59.15000
-5.58000,59.15000
-5.50000,59.15000
-5.42000,59.15000
-5.34000,59.15000
-5.26000,59.15000
-5.18000,59.15000
-5.10000,59.15000
-5.02000,59.15000
-4.94000,59.15000
-4.86000,59.15000
-4.78000,59.15000
-4.70000,59.15000
-4.54000,59.80000
-4.46000,59.80000
-4.38000,59.80000
-4.30000,59.80000
-4.22000,59.80000
-4.14000,59.80000
-4.06000,59.80000
-3.98000,59.80000
-3.90000,59.80000
-3.82000,59.80000
-3.74000,59.80000
-3.66000,59.80000
-3.58000,59.80000
-3.50000,59.80000
-3.42000,59.80000
-3.34000,59.80000
-3.26000,59.80000
-3.18000,59.80000
-3.10000,59.80000
-3.02000,59.80000
-2.94000,59.80000
-2.86000,59.80000
-2.78000,59.80000
-2.70000,59.80000
-2.62000,59.80000
-2.54000,59.80000
-2.46000,59.80000
-2.38000,59.80000
-2.30000,59.80000
-2.22000,59.80000
-2.14000,59.80000
-2.06000,59.80000
-1.98000,59.80000
-1.90000,59.80000
-1.82000,59.80000
-1.74000,59.80000
-1.66000,59.80000
-1.58000,59.80000
-1.50000,59.80000
-1.42000,59.80000
-0.78000,60.80000
-0.70000,60.80000
-0.62000,60.80000
-0.54000,60.80000
-0.46000,60.80000
-0.38000,60.80000
-0.30000,60.80000
-0.22000,60.80000
-0.14000,60.80000
-0.06000,60.80000
0.02000,60.80000
0.10000,60.80000
0.18000,60.80000
0.26000,60.80000
0.34000,60.80000
0.42000,60.80000
0.50000,60.80000
0.58000,60.80000
0.66000,60.80000
0.74000,60.80000
0.82000,60.80000
0.90000,60.80000
0.98000,60.80000
1.06000,60.80000
1.14000,60.80000
1.22000,60.80000
1.30000,60.80000
1.38000,60.80000
1.46000,60.80000
1.54000,60.80000
1.62000,60.80000
1.70000,60.80000
1.78000,60.80000
1.86000,60.80000
1.94000,60.80000
2.02000,60.80000
2.10000,60.80000
2.18000,60.80000
2.26000,60.80000
2.34000,60.80000
2.42000,60.80000
2.50000,60.80000
2.58000,60.80000
2.66000,60.80000
2.74000,60.80000
2.82000,60.80000
2.90000,60.80000
2.98000,60.80000
3.06000,60.80000
3.14000,60.80000
3.22000,60.80000
3.30000,60.80000
3.38000,60.80000
3.46000,60.80000
3.54000,60.80000
3.62000,60.80000
3.70000,60.80000
3.78000,60.80000
3.86000,60.80000
3.94000,60.80000
4.02000,60.80000
4.10000,60.80000
4.18000,60.80000
4.26000,60.80000
4.34000,60.80000
4.42000,60.80000
4.50000,60.80000
4.58000,60.80000
4.66000,60.80000
4.74000,60.80000
12.98000,54.50000
12.98000,54.55000
12.98000,54.60000
12.98000,54.65000
12.98000,54.70000
12.98000,54.75000
12.98000,54.80000
12.98000,54.85000
12.98000,54.90000
12.98000,54.95000
12.98000,55.00000
12.98000,55.05000
12.98000,55.10000
12.98000,55.15000
12.98000,55.20000
12.98000,55.25000
-7.42000,48.50000
-7.34000,48.50000
-7.26000,48.50000
-7.18000,48.50000
-7.10000,48.50000
-7.02000,48.50000
-6.94000,48.50000
-6.86000,48.50000
-6.78000,48.50000
-6.70000,48.50000
-6.62000,48.50000
-6.54000,48.50000
-6.46000,48.50000
-6.38000,48.50000
-6.30000,48.50000
-6.22000,48.50000
-6.14000,48.50000
-6.06000,48.50000
-5.98000,48.50000
-5.90000,48.50000
-5.82000,48.50000
-5.74000,48.50000
-5.66000,48.50000
-5.58000,48.50000
-5.50000,48.50000
-5.42000,48.50000
-5.34000,48.50000
-5.26000,48.50000
-5.18000,48.50000
-5.10000,48.50000
-5.02000,48.50000
-4.94000,48.50000
-4.86000,48.50000
-4.78000,48.50000
