====================================================================================================
  River Projection Statistics — ssp126
====================================================================================================

  Site                     Lat      Lon  Reg     Q_cal    Q_near     Q_far   Δnear%    Δfar%
  ------------------------------------------------------------------------------------------------
  0                     56.160   14.750    *      0.89      0.52      0.45   -42.37   -50.01
  1                     65.320   21.410    *      5.98      2.45      2.39   -58.95   -60.00
  2                     56.660   12.850    *     43.75     18.83     20.02   -56.96   -54.24
  3                     55.860   14.240    *      1.54      0.61      0.63   -60.30   -58.81
  4                     56.270   12.830    *     19.79      9.85      8.93   -50.24   -54.89
  5                     60.370   18.270    *      0.09      0.05      0.05   -43.63   -42.59
  6                     57.870   16.620    *      0.19      0.12      0.12   -39.04   -38.92
  7                     57.230   12.210    *     41.89     17.65     18.15   -57.85   -56.68
  8                     64.690   21.130    *      5.76      2.26      2.26   -60.75   -60.77
  9                     56.921   16.439    *      0.37      0.15      0.15   -59.84   -59.16
  10                    56.890   12.480    *     54.28     24.15     25.38   -55.52   -53.25
  11                    55.992   12.746    *      0.06      0.02      0.03   -56.81   -55.54
  12                    63.750   20.330    *     15.11      6.34      6.30   -58.06   -58.28
  13                    64.210   21.110    *      0.54      0.22      0.22   -59.22   -59.71
  14                    58.438   11.683    *     23.53     11.46     11.46   -51.29   -51.27
  15                    62.792   18.181    *     17.67      7.33      7.25   -58.53   -59.00
  16                    57.150   16.490    *      0.96      0.56      0.56   -41.87   -41.57
  17                    58.730   17.120    *      0.67      0.28      0.32   -57.79   -52.12
  18                    65.870   22.370    *      1.61      0.55      0.55   -66.04   -65.59
  19                    65.720   21.780    *     17.85     10.33     10.40   -42.09   -41.75
  20                    62.442   17.514    *     15.36      9.24      9.25   -39.83   -39.80
  21                    56.550   12.950    *     78.60     39.57     39.80   -49.65   -49.37
  22                    58.640   16.270    *      2.99      1.80      1.82   -39.71   -39.34
  23                    65.530   21.880    *      0.16      0.06      0.06   -61.77   -61.12
  24                    65.908   22.638    *      0.17      0.12      0.13   -29.03   -26.48
  25                    63.340   19.210    *      1.22      0.51      0.49   -58.17   -60.12
  26                    60.650   17.430    *     11.65      4.89      4.99   -58.07   -57.16
  27                    58.344   11.903    *      5.23      2.39      2.51   -54.35   -51.98
  28                    60.680   17.190    *      0.62      0.33      0.34   -46.79   -45.63
  29                    56.470   16.140    *      0.14      0.08      0.10   -44.17   -26.84
  30                    61.820   17.270    *      0.57      0.23      0.23   -59.34   -58.93
  31                    63.550   19.850    *      1.18      0.47      0.45   -60.31   -61.79
  32                    62.342   17.431    *      4.41      2.31      2.30   -47.73   -47.96
  33                    59.089   11.229    *     14.44      7.11      7.12   -50.78   -50.68
  34                    65.860   24.160    *     14.38      5.83      6.03   -59.41   -58.04
  35                    57.616   18.767    *      2.54      0.94      1.12   -63.11   -55.95
  36                    56.170   15.410    *      0.20      0.09      0.09   -53.95   -54.38
  37                    61.192   17.181    *      7.37      3.08      3.13   -58.23   -57.57
  38                    57.694   11.909    *    577.40    317.29    315.28   -45.05   -45.40
  39                    63.560   19.450    *      0.64      0.26      0.25   -59.69   -60.71
  40                    65.880   23.060    *     10.54      6.26      7.14   -40.55   -32.25
  41                    43.475   -7.055          16.57      7.16      7.25   -56.77   -56.24
  42                    37.136   -6.853           2.04      1.42      1.40   -30.59   -31.53
  43                    37.208   -7.058           0.70      0.57      0.55   -18.07   -21.31
  44                    43.671   -7.903           5.01      2.50      2.48   -49.99   -50.56
  45                    37.136   -6.853           4.01      2.87      2.83   -28.43   -29.30
  46                    43.740   -7.695           6.76      3.53      3.51   -47.86   -48.08
  47                    43.438   -3.450          48.27     22.42     24.76   -53.54   -48.70
  48                    43.328   -8.210           7.56      3.69      3.64   -51.12   -51.83
  49                    42.346   -8.612           7.61      3.33      3.40   -56.28   -55.29
  50                    43.326   -1.921           3.32      1.42      1.42   -57.11   -57.28
  51                    43.326   -3.020           0.28      0.11      0.11   -61.13   -60.60
  52                    43.326   -3.020          18.81      8.60      8.77   -54.27   -53.36
  53                    43.381   -4.510          11.27      4.51      4.54   -59.94   -59.73
  54                    43.514   -8.154           3.37      1.59      1.57   -52.87   -53.40
  55                    43.435   -4.035          13.97      6.46      6.78   -53.81   -51.49
  56                    43.551   -7.261           4.67      2.12      2.15   -54.60   -53.99
  57                    43.133   -9.128          10.40      4.08      4.15   -60.80   -60.04
  58                    42.650   -8.745          43.79     19.56     23.50   -55.33   -46.33
  59                    43.291   -2.132          22.30      9.88      9.78   -55.71   -56.15
  60                    43.503   -8.161           2.35      1.17      1.16   -50.33   -50.74
  61                    42.497   -8.812          11.44      4.87      4.94   -57.45   -56.80
  62                    43.677   -7.599           6.08      3.13      3.10   -48.60   -49.00
  63                    43.364   -2.498           3.65      1.63      1.67   -55.21   -54.13
  64                    43.349   -3.121           2.43      0.93      0.94   -61.86   -61.35
  65                    43.326   -3.020          10.24      3.92      3.97   -61.75   -61.27
  66                    43.380   -2.680           5.09      2.28      2.31   -55.23   -54.70
  67                    36.582   -6.237          11.98      8.69      8.52   -27.42   -28.90
  68                    43.303   -2.248           9.16      3.93      3.89   -57.12   -57.57
  69                    43.413   -8.175          13.98      7.17      7.13   -48.70   -48.97
  70                    43.326   -3.020           0.73      0.29      0.29   -60.23   -59.64
  71                    43.228   -8.942          11.11      5.04      5.54   -54.59   -50.10
  72                    37.176   -7.402          94.18     67.43     62.14   -28.41   -34.03
  73                    43.326   -3.020          12.24      4.70      4.76   -61.64   -61.14
  74                    36.796   -6.345          53.07     28.81     28.17   -45.71   -46.91
  75                    42.816   -8.885          22.46     10.47     10.80   -53.39   -51.92
  76                    43.595   -7.295           3.63      1.66      1.69   -54.19   -53.52
  77                    43.325   -1.981          10.32      4.59      4.61   -55.55   -55.34
  78                    43.004   -9.251           4.43      1.98      2.02   -55.18   -54.34
  79                    42.425   -8.656          17.90      7.34      7.45   -59.01   -58.38
  80                    43.467   -5.065          14.47      6.71      6.71   -53.64   -53.59
  81                    43.325   -2.418           2.77      1.22      1.24   -55.76   -55.16
  82                    43.412   -2.950           4.09      1.87      1.88   -54.27   -54.11
  83                    42.905   -9.126          14.96      6.84      6.93   -54.29   -53.69
  84                    43.449   -3.755           4.71      2.34      2.41   -50.34   -48.90
  85                    43.647   -8.083           2.07      1.05      1.04   -49.39   -49.93
  86                    43.343   -8.383           6.64      3.63      3.61   -45.30   -45.67
  87                    41.924   -8.773         274.83    111.58    113.22   -59.40   -58.80
  88                    43.565   -6.077          51.37     23.21     23.26   -54.83   -54.72
  89                    43.194   -9.042           6.90      3.09      3.39   -55.19   -50.84
  90                    43.441   -3.981          11.40      5.08      5.36   -55.43   -52.94
  91                    63.877  -21.208    *    362.36    362.38    362.38     0.01     0.01
  92                    63.773  -20.802    *    336.11    336.12    336.12     0.00     0.00
  93                    65.620   25.050    *     40.46     15.75     16.00   -61.07   -60.46
  94                    64.290   23.910    *     40.91     25.34     25.66   -38.07   -37.28
  95                    60.213   24.985    *     16.23     10.16      9.63   -37.38   -40.66
  96                    60.350   23.100    *      5.72      3.12      3.10   -45.45   -45.74
  97                    64.850   24.700    *     38.26     24.58     25.60   -35.76   -33.11
  98                    60.383   25.667    *     10.41      6.45      6.45   -38.04   -38.02
  99                    60.442   26.847    *    288.44    166.27    166.48   -42.36   -42.28
  100                   63.270   21.860    *     39.83     23.82     23.85   -40.21   -40.12
  101                   62.200   21.400    *     13.58      7.69      7.62   -43.39   -43.88
  102                   64.992   25.431    *    255.60    134.26    137.39   -47.47   -46.25
  103                   61.220   21.620    *      8.54      3.81      3.68   -55.38   -56.93
  104                   65.200   25.290    *     42.13     17.23     17.39   -59.11   -58.73
  105                   60.340   25.530    *      6.65      4.15      4.12   -37.55   -38.07
  106                   60.433   22.233    *      7.18      3.66      3.61   -49.00   -49.75
  107                   60.550   27.850    *      7.73      4.87      4.91   -37.04   -36.49
  108                   60.583   27.733    *      4.39      2.64      2.66   -39.87   -39.29
  109                   64.480   24.220    *     31.78     20.59     21.12   -35.22   -33.54
  110                   65.340   25.260    *    166.15     64.89     65.67   -60.95   -60.48
  111                   60.417   22.660    *      8.27      4.56      4.53   -44.89   -45.21
  112                   64.230   23.710    *     11.73      7.56      7.64   -35.59   -34.91
  113                   62.340   21.300    *      8.90      5.25      5.20   -41.02   -41.63
  114                   60.150   23.067    *      6.52      3.54      3.53   -45.62   -45.75
  115                   61.550   21.630    *    215.01    108.07    107.00   -49.74   -50.24
  116                   65.742   24.514    *    560.43    211.77    217.11   -62.21   -61.26
  117                   63.560   22.510    *     30.28     19.72     19.82   -34.87   -34.54
  118                   63.880   23.170    *     21.10     10.02      9.63   -52.50   -54.34
  119                   60.093   23.560    *     18.07      9.43      9.32   -47.81   -48.40
  120                   57.645   22.146          16.98      6.91      7.11   -59.29   -58.11
  121                   57.248   21.413           5.87      2.86      2.87   -51.36   -51.18
  122                   57.160   24.260          77.25     42.47     42.13   -45.03   -45.46
  123                   57.010   23.930         107.50     55.03     55.98   -48.81   -47.93
  124                   57.880   24.350          38.50     20.61     20.90   -46.46   -45.71
  125                   56.413   21.049          20.15      8.81      8.96   -56.26   -55.52
  126                   57.400   21.550          89.97     35.81     35.25   -60.20   -60.82
  127                   57.070   24.050         607.23    391.42    393.88   -35.54   -35.14
  128                   56.980   21.345           2.82      1.34      1.27   -52.67   -54.92
  129                   53.209    5.439           0.81      0.36      0.33   -55.26   -59.76
  130                   53.070    5.336         212.78     88.06     85.02   -58.62   -60.04
  131                   52.940    5.042         284.09    118.98    113.32   -58.12   -60.11
  132                   51.980    4.120        1308.08    568.28    522.10   -56.56   -60.09
  133                   53.327    6.930           2.46      1.13      1.05   -53.96   -57.48
  134                   51.840    4.017         561.87    285.47    282.93   -49.19   -49.64
  135                   53.179    5.419           4.74      2.27      1.97   -52.19   -58.40
  136                   53.411    6.191          42.01     16.60     16.54   -60.49   -60.64
  137                   53.309    5.626           1.05      0.50      0.48   -52.50   -54.06
  138                   52.470    4.600          86.63     36.31     34.70   -58.08   -59.94
  139                   51.337    3.213           3.61      1.49      1.51   -58.83   -58.07
  140                   51.337    3.213           0.92      0.54      0.55   -40.74   -40.38
  141                   51.339    3.813          19.93     11.02     10.94   -44.69   -45.12
  142                   51.238    2.922           7.27      3.37      3.40   -53.72   -53.20
  143                   51.349    4.249         134.84     73.07     72.94   -45.81   -45.91
  144                   51.154    2.722           8.93      3.61      3.35   -59.61   -62.52
  145                   51.337    3.213           1.35      0.62      0.63   -53.74   -53.19
  146                   41.148   -8.638         434.74    221.00    219.55   -49.16   -49.50
  147                   38.934   -8.999         246.85    158.39    157.84   -35.83   -36.06
  148                   55.730   21.090         490.25    274.70    278.02   -43.97   -43.29
  149                   55.279   21.081           6.93      2.64      2.66   -61.87   -61.62
  150                   52.240   -6.968          78.85     30.54     30.57   -61.28   -61.23
  151                   52.360   -6.506          41.49     16.18     16.22   -61.01   -60.90
  152                   51.850   -8.329          46.58     22.51     23.10   -51.68   -50.41
  153                   52.780   -8.946          23.54     10.01     10.04   -57.47   -57.35
  154                   52.820   -6.123          21.84      8.75      8.78   -59.94   -59.79
  155                   54.140   -9.145          64.07     24.27     24.68   -62.11   -61.48
  156                   53.710   -6.337          44.91     20.59     20.73   -54.14   -53.84
  157                   52.519   -8.718          17.45     28.97     10.73    66.02   -38.53
  158                   53.350   -6.222          17.51      9.65     10.65   -44.88   -39.18
  159                   53.300   -9.073         104.65     45.02     42.13   -56.98   -59.74
  160                   52.524   -8.938           8.56      3.37      3.25   -60.63   -62.05
  161                   52.660   -8.702         186.48     64.46     62.29   -65.43   -66.60
  162                   52.240   -6.968          45.80     17.57     17.59   -61.64   -61.60
  163                   52.240   -6.968          43.05     16.49     16.55   -61.69   -61.55
  164                   51.690   -8.537          23.17     10.07      9.74   -56.54   -57.95
  165                   51.950   -7.840          82.40     32.15     31.99   -60.98   -61.17
  166                   54.500   -8.210         108.96     41.59     42.01   -61.83   -61.44
  167                   54.980   -3.566         175.28     72.50     74.05   -58.64   -57.75
  168                   55.920   -4.472         175.93     63.27     64.99   -64.04   -63.06
  169                   52.790    0.369          53.52     27.41     27.62   -48.78   -48.39
  170                   53.990   -2.881         124.90     45.99     46.74   -63.18   -62.58
  171                   55.010   -1.422          48.10     22.14     22.87   -53.97   -52.46
  172                   57.670   -3.095         170.17     68.65     70.75   -59.66   -58.43
  173                   50.910   -1.450          13.07      7.76      7.70   -40.63   -41.07
  174                   53.240   -3.087          58.04     29.03     27.70   -49.98   -52.27
  175                   52.110   -4.689          90.23     34.51     34.79   -61.75   -61.44
  176                   51.780   -4.364          74.25     27.84     28.28   -62.50   -61.91
  177                   53.418    0.224         222.45    107.90     97.69   -51.50   -56.08
  178                   51.450    0.402          69.86     41.83     42.23   -40.13   -39.55
  179                   51.730    0.700           4.33      2.21      2.16   -49.10   -50.25
  180                   55.170   -6.739         195.06     71.69     74.43   -63.25   -61.84
  181                   50.830   -0.257          12.19      4.67      4.46   -61.67   -63.42
  182                   50.560   -4.929           8.29      3.85      5.33   -53.57   -35.75
  183                   54.490   -0.625           5.89      2.49      2.52   -57.66   -57.15
  184                   51.320    1.368          16.41     10.26     10.37   -37.48   -36.83
  185                   54.950   -3.049          80.81     32.91     33.74   -59.27   -58.24
  186                   56.361   -3.316         253.53    116.03    118.71   -54.23   -53.18
  187                   56.730   -5.236         197.62     72.30     74.19   -63.41   -62.46
  188                   54.630   -5.886          18.58      7.32      7.52   -60.59   -59.54
  189                   50.680   -1.949          37.73     20.62     20.51   -45.34   -45.64
  190                   54.920   -1.367          16.03      7.62      7.81   -52.45   -51.29
  191                   52.570    1.738          19.23      9.09      9.08   -52.76   -52.80
  192                   51.710   -2.486         127.21     62.91     62.92   -50.55   -50.53
  193                   58.110   -3.657         325.95    125.64    126.88   -61.46   -61.07
  194                   54.650   -1.159          20.66      8.55      8.75   -58.60   -57.65
  195                   51.220   -3.000          14.09      6.56      6.93   -53.43   -50.79
  196                   51.540   -2.985         145.44     65.63     66.53   -54.88   -54.26
  197                   56.064   -3.727          97.92     38.40     64.68   -60.78   -33.94
  198                   50.610   -3.423          55.06     25.17     27.84   -54.28   -49.43
  199                   55.770   -1.991          69.89     25.90     27.02   -62.94   -61.34
  200                   50.350   -4.167          52.27     20.00     20.77   -61.73   -60.27
  201                   53.336   -2.768          56.12     28.76     28.57   -48.76   -49.09
  202                   51.060   -4.207          32.12     14.74     14.91   -54.10   -53.58
  203                   51.620   -3.834          36.67     14.93     14.18   -59.30   -61.33
  204                   45.044   -0.607         237.16    141.30    140.41   -40.42   -40.79
  205                   48.506   -2.689          57.51     28.49     28.31   -50.46   -50.77
  206                   43.529   -1.520          82.49     39.29     40.13   -52.38   -51.35
  207                   49.301   -0.091           9.30      5.13      5.07   -44.83   -45.43
  208                   43.529   -1.520          16.10      7.53      7.67   -53.23   -52.38
  209                   47.500   -2.366          76.86     36.11     35.71   -53.02   -53.54
  210                   49.907    0.930          14.78      9.57      9.49   -35.27   -35.80
  211                   48.283   -4.263          75.47     27.05     27.17   -64.16   -63.99
  212                   49.019   -1.506          20.62      8.44      8.43   -59.09   -59.13
  213                   44.660   -1.043          19.10     13.03     12.97   -31.78   -32.07
  214                   49.369    0.074          11.99      7.21      7.14   -39.85   -40.42
  215                   45.044   -0.607          10.94      5.85      5.84   -46.47   -46.63
  216                   50.180    1.653          37.09     23.97     23.72   -35.38   -36.04
  217                   49.440    0.372          16.38      8.21      8.46   -49.86   -48.35
  218                   49.292   -0.246          28.33     13.57     13.39   -52.10   -52.74
  219                   48.634   -1.512          23.07      8.56      8.58   -62.89   -62.80
  220                   49.480    0.486           8.25      5.22      5.20   -36.79   -37.04
  221                   45.790   -1.124           3.72      2.45      2.46   -34.18   -33.81
  222                   49.480    0.486         470.62    261.72    260.75   -44.39   -44.59
  223                   48.643   -1.413          55.09     21.00     20.96   -61.88   -61.95
  224                   49.337   -0.458           5.29      2.53      2.51   -52.21   -52.53
  225                   45.044   -0.607          73.27     39.98     39.78   -45.44   -45.72
  226                   45.044   -0.607         148.28     79.25     78.75   -46.56   -46.89
  227                   47.290   -1.957         786.50    511.01    512.92   -35.03   -34.78
  228                   49.350   -1.120          28.51     12.93     12.96   -54.64   -54.55
  229                   43.529   -1.520          35.01     16.79     17.13   -52.04   -51.08
  230                   47.737   -3.350          66.09     30.62     30.56   -53.67   -53.77
  231                   45.953   -1.067          65.80     44.00     44.24   -33.12   -32.76
  232                   47.290   -1.957          43.82     22.99     23.08   -47.53   -47.34
  233                   45.044   -0.607         399.66    238.16    236.92   -40.41   -40.72
  234                   50.550    1.603          52.52     29.65     29.93   -43.54   -43.02
  235                   50.064    1.370          43.36     42.89    419.55    -1.09   867.59
  236                   43.529   -1.520          17.39      8.02      8.17   -53.86   -53.04
  237                   46.294   -1.268          30.96     12.90     12.90   -58.33   -58.34
  238                   49.480    0.486          23.63     13.90     13.85   -41.16   -41.39
  239                   46.320   -1.112          52.68     29.02     29.15   -44.90   -44.65
  240                   45.953   -1.067          23.19     14.04     14.10   -39.46   -39.22
  241                   43.529   -1.520         184.29     92.94     95.23   -49.57   -48.32
  242                   58.140    7.990    *    152.55     67.39     65.56   -55.82   -57.03
  243                   59.050   10.050    *    118.84     56.00     53.58   -52.87   -54.91
  244                   58.729    5.517    *      5.48      2.14      2.16   -61.02   -60.57
  245                   59.190   10.950    *    746.03    489.97    491.06   -34.32   -34.18
  246                   59.740   10.230    *    327.84    143.01    135.47   -56.38   -58.68
  247                   65.800   12.350    *    166.18     73.37     73.85   -55.85   -55.56
  248                   63.310    9.831    *     62.99     24.78     24.89   -60.66   -60.49
  249                   59.128    9.618    *    294.99    128.31    124.35   -56.50   -57.85
  250                   60.640    5.951    *     96.58     41.69     41.48   -56.84   -57.05
  251                   70.000   23.200    *     94.91     94.91     94.91     0.00     0.00
  252                   59.890   30.210        2333.09   2333.04   2333.04    -0.00    -0.00
  253                   59.660   28.360         106.71     53.31     52.04   -50.04   -51.23
  254                   55.215   10.810           0.32      0.15      0.16   -52.32   -51.47
  255                   55.163   10.135           0.36      0.18      0.19   -49.44   -48.90
  256                   55.724   11.651           0.42      0.19      0.19   -55.17   -54.05
  257                   55.808   12.582           0.26      0.13      0.14   -49.50   -47.02
  258                   55.385    9.841           0.31      0.16      0.16   -49.80   -49.22
  259                   55.468   10.441           0.90      0.43      0.43   -52.29   -51.73
  260                   57.200   10.500           1.29      0.60      0.57   -53.45   -55.58
  261                   56.610   10.320          36.14     20.32     17.24   -43.78   -52.28
  262                   55.200    8.672           1.04      0.46      0.45   -55.36   -56.42
  263                   54.987   12.353           0.10      0.04      0.04   -60.67   -59.95
  264                   54.828   11.140           0.41      0.15      0.15   -63.06   -62.08
  265                   55.209   11.715           1.22      0.55      0.56   -54.91   -53.99
  266                   55.061   10.618           0.44      0.18      0.18   -57.86   -57.77
  267                   55.389   11.220           0.84      0.37      0.38   -55.47   -54.39
  268                   55.209   12.152           0.28      0.12      0.13   -58.93   -52.63
  269                   55.703    9.544           2.19      1.10      1.12   -49.62   -48.84
  270                   55.165   12.029           0.19      0.09      0.09   -56.09   -55.04
  271                   56.370    8.116          22.45      9.25      8.98   -58.81   -59.98
  272                   55.771   11.632           0.43      0.19      0.19   -56.10   -54.98
  273                   55.431   12.211           0.32      0.13      0.14   -59.14   -57.56
  274                   54.694   11.887           0.55      0.20      0.21   -63.21   -62.45
  275                   55.453   10.498           0.90      0.43      0.43   -52.29   -51.73
  276                   55.879   12.066           0.36      0.16      0.16   -56.55   -54.61
  277                   55.248    9.494           1.09      0.53      0.53   -51.62   -51.33
  278                   55.090   10.242           0.17      0.09      0.09   -50.72   -50.17
  279                   55.297   10.750           0.86      0.41      0.42   -51.92   -51.09
  280                   55.235   12.235           0.28      0.12      0.13   -58.93   -52.63
  281                   55.678    9.807           0.41      0.19      0.19   -54.46   -53.41
  282                   54.889   12.052           0.34      0.15      0.14   -56.10   -58.56
  283                   55.703    9.544           2.19      1.10      1.12   -49.62   -48.84
  284                   54.773   11.863           0.47      0.21      0.21   -56.21   -55.39
  285                   55.209   12.152           0.28      0.12      0.13   -58.93   -52.63
  286                   54.935    9.624           0.32      0.13      0.13   -59.57   -58.99
  287                   55.190   10.107           0.36      0.14      0.14   -61.33   -60.18
  288                   55.703    9.717           1.44      0.68      0.70   -52.50   -51.43
  289                   55.430    8.623           5.26      2.70      2.69   -48.67   -48.86
  290                   55.803   12.040           0.30      0.16      0.17   -46.09   -45.00
  291                   55.459    9.797           0.45      0.20      0.20   -55.49   -54.89
  292                   54.970    9.861           0.17      0.07      0.07   -56.08   -55.70
  293                   55.489    9.497           2.29      1.06      1.07   -53.69   -53.18
  294                   55.513    9.866           0.47      0.21      0.22   -54.16   -53.55
  295                   55.339   11.207           0.12      0.05      0.05   -60.63   -59.44
  296                   56.126   12.309           0.45      0.17      0.17   -62.10   -61.33
  297                   56.990   10.240           0.05      0.02      0.02   -60.75   -60.59
  298                   56.093   12.461           0.26      0.14      0.14   -46.94   -44.88
  299                   55.172   12.053           0.19      0.09      0.09   -56.09   -55.04
  300                   54.960    8.666           4.50      2.04      2.00   -54.60   -55.58
  301                   56.011   10.217           0.30      0.14      0.14   -53.44   -52.70
  302                   55.147   12.011           0.19      0.09      0.09   -56.09   -55.04
  303                   55.847   12.573           0.26      0.13      0.14   -49.50   -47.02
  304                   55.019    9.927           0.21      0.08      0.08   -61.57   -60.86
  305                   55.971   12.013           0.85      0.37      0.39   -55.95   -53.91
  306                   55.122   12.049           0.19      0.09      0.08   -55.42   -58.97
  307                   55.860   12.064           0.36      0.19      0.19   -48.00   -46.88
  308                   55.042   10.471           0.28      0.13      0.13   -54.15   -54.42
  309                   55.430    9.626           0.29      0.13      0.13   -54.04   -53.48
  310                   54.694   11.887           0.55      0.20      0.21   -63.21   -62.45
  311                   55.023   12.427           0.27      0.10      0.11   -61.45   -59.83
  312                   55.476   10.441           0.90      0.43      0.43   -52.29   -51.73
  313                   55.201   11.672           1.22      0.55      0.56   -54.91   -53.99
  314                   55.710   12.113           0.20      0.10      0.10   -51.62   -50.41
  315                   55.649   11.930           0.31      0.14      0.15   -53.15   -51.90
  316                   55.673   11.813           0.19      0.09      0.09   -53.20   -52.11
  317                   55.770   10.015           0.29      0.11      0.11   -61.64   -61.00
  318                   55.705   11.840           0.29      0.14      0.14   -51.37   -50.29
  319                   55.311    9.618           0.45      0.19      0.19   -58.78   -58.53
  320                   54.831   11.491           0.41      2.05      2.11   395.07   410.96
  321                   55.667   12.012           0.54      0.24      0.25   -55.71   -54.42
  322                   57.520    9.873           1.39      7.60      1.95   446.50    40.15
  323                   55.358    9.876           0.51      0.19      0.20   -62.59   -61.49
  324                   54.943    9.868           0.12      0.05      0.05   -59.49   -59.12
  325                   55.930   12.524           0.68      0.33      0.34   -51.53   -49.57
  326                   55.439   10.425           0.90      0.43      0.43   -52.29   -51.73
  327                   55.426   12.220           0.32      0.13      0.14   -59.14   -57.56
  328                   55.154   14.705           0.80      0.32      0.35   -60.09   -56.25
  329                   56.710   10.170           2.29      1.17      1.11   -48.87   -51.73
  330                   55.247   11.289           0.09      0.04      0.04   -59.22   -58.01
  331                   55.882   10.111           0.84      0.40      0.40   -52.86   -52.16
  332                   55.525    9.577           0.25      0.12      0.12   -53.40   -52.83
  333                   55.866    9.897           1.01      0.37      0.38   -62.83   -62.24
  334                   55.194   14.989           0.58      0.25      0.24   -56.86   -58.42
  335                   55.854    9.863           1.01      0.46      0.47   -54.59   -53.53
  336                   55.297   10.749           0.86      0.41      0.42   -51.92   -51.09
  337                   55.771   11.632           0.43      0.19      0.19   -56.10   -54.98
  338                   55.088   10.753           0.32      0.15      0.16   -52.55   -51.24
  339                   56.990   10.240           0.05      0.02      0.02   -60.75   -60.59
  340                   55.426   12.220           0.32      0.13      0.14   -59.14   -57.56
  341                   55.724   11.651           0.42      0.19      0.19   -55.17   -54.05
  342                   55.268    9.889           0.06      0.02      0.02   -61.60   -60.44
  343                   55.070   11.813           0.40      0.16      0.17   -59.44   -58.33
  344                   55.361    9.600           0.44      0.18      0.19   -57.73   -57.50
  345                   55.612   12.384           0.26      0.10      0.10   -63.69   -62.36
  346                   55.330    8.673           4.52      2.07      2.02   -54.14   -55.40
  347                   56.099   12.160           0.28      0.13      0.13   -53.84   -51.88
  348                   56.778   10.288           1.19      0.49      0.47   -59.12   -60.19
  349                   55.148   10.784           0.32      0.15      0.16   -52.32   -51.47
  350                   55.583   10.282           0.25      0.12      0.12   -51.47   -50.96
  351                   55.595   12.367           0.26      0.12      0.13   -53.11   -51.19
  352                   55.640   12.502           0.71      0.33      0.35   -53.22   -50.76
  353                   55.626    9.742           0.41      0.19      0.19   -54.46   -53.41
  354                   55.517    9.952           0.47      0.21      0.22   -54.16   -53.51
  355                   54.846   11.804           0.47      0.21      0.21   -56.21   -55.39
  356                   55.454   12.188           0.57      0.23      0.24   -59.31   -57.71
  357                   55.587   10.172           0.61      0.27      0.27   -56.62   -56.06
  358                   55.468   10.441           0.90      0.43      0.43   -52.29   -51.73
  359                   55.440   10.471           0.90      0.43      0.43   -52.29   -51.73
  360                   55.171   10.800           0.32      0.15      0.16   -52.32   -51.47
  361                   55.721   12.111           0.20      0.10      0.10   -51.62   -50.41
  362                   54.828   11.140           0.41      0.15      0.15   -63.06   -62.08
  363                   55.426   12.220           0.32      0.13      0.14   -59.14   -57.56
  364                   55.039   12.140           0.30      0.12      0.12   -61.24   -60.76
  365                   55.010    9.630           0.44      0.18      0.18   -59.22   -58.83
  366                   55.066   10.373           0.92      0.44      0.44   -52.70   -52.10
  367                   56.990   10.240           0.05      0.02      0.02   -60.75   -60.59
  368                   55.218   11.440           0.10      0.04      0.04   -60.44   -59.23
  369                   55.538   11.156           1.68      0.85      0.86   -49.73   -48.68
  370                   54.708   11.251           0.70      0.26      0.27   -62.99   -62.03
  371                   54.910   10.819           0.31      0.12      0.13   -59.55   -58.18
  372                   55.930   12.524           0.68      0.33      0.34   -51.53   -49.57
  373                   55.439   10.425           0.90      0.43      0.43   -52.29   -51.73
  374                   56.710   10.170           1.26      0.60      0.57   -52.53   -54.72
  375                   54.999   14.996           0.66      0.25      0.26   -61.54   -60.91
  376                   57.110   10.400           1.14      0.56      0.51   -50.87   -55.68
  377                   55.999    8.114           4.52      1.84      1.82   -59.28   -59.84
  378                   56.103   12.380           0.26      0.14      0.14   -46.94   -44.88
  379                   55.626    9.742           0.41      0.19      0.19   -54.46   -53.41
  380                   54.802   11.637           0.41      0.17      0.17   -58.79   -57.88
  381                   55.317    9.886           0.41      0.15      0.16   -62.73   -61.75
  382                   55.163   12.025           0.19      0.09      0.09   -56.09   -55.04
  383                   57.500   10.490           1.05      0.43      0.44   -58.57   -57.61
  384                   54.931   11.120           0.15      0.06      0.06   -61.96   -60.92
  385                   56.990   10.240           0.62      0.30      0.30   -51.64   -52.16
  386                   55.206   11.395           0.19      0.08      0.08   -60.71   -59.51
  387                   56.153   10.213           1.79      0.87      0.88   -51.23   -50.70
  388                   56.990   10.240           0.05      0.02      0.02   -60.75   -60.59
  389                   56.085   10.249           0.22      0.10      0.10   -52.81   -52.04
  390                   55.781   12.089           0.30      0.16      0.17   -46.09   -45.00
  391                   55.209   11.715           1.22      0.55      0.56   -54.91   -53.99
  392                   55.828   12.063           0.30      0.16      0.17   -46.09   -45.00
  393                   55.114    9.457           0.22      0.10      0.10   -54.88   -54.32
  394                   55.659   11.783           0.19      0.09      0.09   -53.20   -52.11
  395                   55.999    8.114          44.47     18.28     17.96   -58.90   -59.60
  396                   55.580    8.315           5.26      2.24      2.13   -57.51   -59.52
  397                   55.184   11.740           1.22      0.55      0.56   -54.91   -53.99
  398                   55.055   11.829           0.40      0.16      0.17   -59.44   -58.33
  399                   56.990   10.240          26.47     12.53     12.41   -52.67   -53.13
  400                   55.118   10.775           0.32      0.15      0.16   -52.55   -51.24
  401                   55.509   12.208           0.34      0.14      0.15   -57.87   -56.11
  402                   55.380    8.644           4.52      2.20      2.20   -51.29   -51.31
  403                   55.215    9.976           0.23      0.09      0.09   -59.92   -58.80
  404                   55.317    9.886           0.41      0.15      0.16   -62.73   -61.75
  405                   55.361    9.600           0.44      0.18      0.19   -57.73   -57.50
  406                   57.590   10.130           1.76      0.87      0.88   -50.19   -50.16
  407                   54.960    8.666           4.50      2.04      2.00   -54.60   -55.58
  408                   56.207   10.285           1.01      0.51      0.52   -49.53   -49.04
  409                   59.426   24.342           2.94      1.28      1.26   -56.61   -57.11
  410                   58.770   23.760          25.54     12.99     13.04   -49.14   -48.95
  411                   59.571   25.797           3.27      1.84      1.83   -43.65   -44.00
  412                   59.428   27.535           1.90      0.89      0.89   -53.30   -53.21
  413                   58.390   24.490          50.30     26.50     26.55   -47.31   -47.22
  414                   59.478   25.149          11.96      6.88      6.78   -42.46   -43.32
  415                   59.470   24.818           7.79      4.16      4.12   -46.61   -47.08
  416                   59.520   26.532           5.50      3.26      3.25   -40.65   -40.91
  417                   59.436   26.992           6.85      4.12      4.10   -39.85   -40.14
  418                   59.440   24.350           6.77      2.99      2.96   -55.84   -56.26
  419                   59.549   26.406           3.91      2.24      2.23   -42.72   -42.93
  420                   59.580   28.090         426.37    179.67    180.80   -57.86   -57.60
  421                   59.524   25.541           1.13      0.63      0.62   -44.64   -45.07
  422                   59.271   23.884           4.55      2.39      2.37   -47.40   -47.97
  423                   59.583   25.706           3.97      2.33      2.32   -41.16   -41.56
  424                   54.110   15.140          19.12     10.28     10.61   -46.23   -44.52
  425                   53.533   14.633          14.50      8.39      8.43   -42.12   -41.82
  426                   53.920   14.280         536.25    322.16    290.65   -39.92   -45.80
  427                   54.350   18.950        1080.16    596.03    600.32   -44.82   -44.42
  428                   54.583   16.850          16.78      8.01      8.07   -52.26   -51.88
  429                   54.667   17.050           8.60      3.48      3.46   -59.50   -59.72
  430                   54.317    8.970          29.82     13.31     13.38   -55.36   -55.14
  431                   54.085   12.151          14.40      7.99      8.14   -44.53   -43.46
  432                   53.320    7.254          80.98     42.65     41.61   -47.33   -48.62
  433                   54.671   10.036           2.62      1.34      1.35   -48.95   -48.34
  434                   54.234   11.086           0.54      0.27      0.27   -50.62   -49.55
  435                   54.328   10.185           6.24      3.37      3.20   -46.01   -48.68
  436                   54.439   12.965           3.56      1.83      1.90   -48.66   -46.74
  437                   53.840    9.365         725.48    358.58    351.85   -50.57   -51.50
  438                   54.522    9.738           0.51      0.24      0.25   -52.17   -51.48
  439                   53.902   10.771           8.57      4.29      4.36   -49.90   -49.07
  440                   53.859   13.813          19.25     10.95     11.16   -43.12   -42.03
  441                   54.336   10.649           0.94      0.43      0.44   -54.26   -53.20
  442                   53.920   10.718           1.83      0.85      0.87   -53.67   -52.77
  443                   53.840    9.365          46.94     20.79     20.43   -55.71   -56.47
  444                   53.907   10.967           2.91      1.55      1.58   -46.63   -45.79
  445                   53.530    8.572         326.71    176.12    178.16   -46.09   -45.47

  (* = potentially regulated / snowmelt-dominated)

  Q in m³ s⁻¹.  Δ% = (future − calibration) / calibration × 100.

  Calibration period Q is the mean annual Q from the EMORID record.
  Near = 2020–2040, Far = 2071–2099.
