====================================================================================================
  River Projection Statistics — ssp126
====================================================================================================

  Site                     Lat      Lon  Reg     Q_cal    Q_near     Q_far   Δnear%    Δfar%
  ------------------------------------------------------------------------------------------------
  0                     56.160   14.750    *      0.89      0.45      0.64   -49.56   -28.28
  1                     65.320   21.410    *      5.98      1.25      1.87   -79.06   -68.65
  2                     56.660   12.850    *     43.75     20.82     20.71   -52.41   -52.65
  3                     55.860   14.240    *      1.54      0.98      1.07   -35.92   -30.25
  4                     56.270   12.830    *     19.79      9.03     10.08   -54.39   -49.08
  5                     60.370   18.270    *      0.09      0.06      0.06   -24.16   -28.21
  6                     57.870   16.620    *      0.19      0.14      0.25   -27.07    28.56
  7                     57.230   12.210    *     41.89     15.14     15.23   -63.86   -63.63
  8                     64.690   21.130    *      5.76      3.64      3.73   -36.82   -35.24
  9                     56.921   16.439    *      0.37      0.21      0.30   -42.77   -19.87
  10                    56.890   12.480    *     54.28     26.67     26.30   -50.86   -51.54
  11                    55.992   12.746    *      0.06      0.04      0.04   -24.93   -28.58
  12                    63.750   20.330    *     15.11      5.33      3.58   -64.75   -76.28
  13                    64.210   21.110    *      0.54      0.19      0.19   -65.33   -65.26
  14                    58.438   11.683    *     23.53     12.12     12.72   -48.49   -45.92
  15                    62.792   18.181    *     17.67      6.00      4.08   -66.03   -76.91
  16                    57.150   16.490    *      0.96      0.84      1.29   -12.36    34.87
  17                    58.730   17.120    *      0.67      0.37      0.52   -45.19   -23.43
  18                    65.870   22.370    *      1.61      0.41      0.46   -74.83   -71.51
  19                    65.720   21.780    *     17.85      7.50      8.09   -57.97   -54.70
  20                    62.442   17.514    *     15.36      5.82      5.30   -62.12   -65.52
  21                    56.550   12.950    *     78.60     41.04     42.36   -47.79   -46.10
  22                    58.640   16.270    *      2.99      2.19      2.83   -26.76    -5.37
  23                    65.530   21.880    *      0.16      0.03      0.04   -78.61   -74.46
  24                    65.908   22.638    *      0.17      0.05      0.06   -72.75   -65.63
  25                    63.340   19.210    *      1.22      0.37      0.28   -69.92   -76.73
  26                    60.650   17.430    *     11.65      4.87      3.37   -58.17   -71.04
  27                    58.344   11.903    *      5.23      2.69      2.96   -48.56   -43.49
  28                    60.680   17.190    *      0.62      0.36      0.30   -43.07   -52.03
  29                    56.470   16.140    *      0.14      0.07      0.11   -50.29   -23.24
  30                    61.820   17.270    *      0.57      0.16      0.18   -72.34   -68.97
  31                    63.550   19.850    *      1.18      0.28      0.16   -76.27   -86.81
  32                    62.342   17.431    *      4.41      1.59      1.46   -63.96   -66.86
  33                    59.089   11.229    *     14.44      7.56      6.45   -47.68   -55.32
  34                    65.860   24.160    *     14.38      4.67      5.12   -67.54   -64.41
  35                    57.616   18.767    *      2.54      1.18      2.15   -53.44   -15.63
  36                    56.170   15.410    *      0.20      0.10      0.16   -50.73   -17.18
  37                    61.192   17.181    *      7.37      2.34      1.44   -68.29   -80.49
  38                    57.694   11.909    *    577.40    280.71    280.37   -51.38   -51.44
  39                    63.560   19.450    *      0.64      0.15      0.10   -77.04   -84.93
  40                    65.880   23.060    *     10.54      2.28      4.15   -78.39   -60.63
  41                    43.475   -7.055          16.57      8.13      7.47   -50.93   -54.92
  42                    37.136   -6.853           2.04      2.04      2.04     0.03     0.03
  43                    37.208   -7.058           0.70      0.70      0.70     0.03     0.03
  44                    43.671   -7.903           5.01      3.46      3.51   -30.96   -29.94
  45                    37.136   -6.853           4.01      4.01      4.01     0.03     0.03
  46                    43.740   -7.695           6.76      6.34      6.33    -6.28    -6.44
  47                    43.438   -3.450          48.27     17.65     12.39   -63.43   -74.32
  48                    43.328   -8.210           7.56      5.22      5.07   -30.95   -32.87
  49                    42.346   -8.612           7.61      1.87      1.67   -75.38   -78.10
  50                    43.326   -1.921           3.32      0.60      0.31   -81.90   -90.60
  51                    43.326   -3.020           0.28      0.08      0.05   -71.74   -82.72
  52                    43.326   -3.020          18.81      5.45      3.56   -71.04   -81.08
  53                    43.381   -4.510          11.27      1.95      1.62   -82.70   -85.63
  54                    43.514   -8.154           3.37      2.08      1.99   -38.44   -40.91
  55                    43.435   -4.035          13.97      4.57      3.45   -67.30   -75.33
  56                    43.551   -7.261           4.67      2.05      1.92   -56.09   -58.82
  57                    43.133   -9.128          10.40      5.34      5.07   -48.68   -51.21
  58                    42.650   -8.745          43.79     13.26     13.67   -69.71   -68.77
  59                    43.291   -2.132          22.30      4.05      2.14   -81.86   -90.39
  60                    43.503   -8.161           2.35      1.48      1.37   -36.78   -41.69
  61                    42.497   -8.812          11.44      2.52      2.47   -78.02   -78.42
  62                    43.677   -7.599           6.08      4.57      4.42   -24.90   -27.32
  63                    43.364   -2.498           3.65      0.84      0.52   -76.85   -85.78
  64                    43.349   -3.121           2.43      0.68      0.41   -71.77   -82.89
  65                    43.326   -3.020          10.24      2.77      1.71   -72.93   -83.29
  66                    43.380   -2.680           5.09      1.26      0.69   -75.33   -86.44
  67                    36.582   -6.237          11.98     11.97     11.97    -0.04    -0.04
  68                    43.303   -2.248           9.16      1.70      0.86   -81.41   -90.63
  69                    43.413   -8.175          13.98      9.51      8.41   -31.98   -39.82
  70                    43.326   -3.020           0.73      0.17      0.11   -76.64   -85.18
  71                    43.228   -8.942          11.11      6.62      6.19   -40.38   -44.24
  72                    37.176   -7.402          94.18     94.15     94.15    -0.03    -0.03
  73                    43.326   -3.020          12.24      2.86      1.75   -76.63   -85.71
  74                    36.796   -6.345          53.07     53.04     53.04    -0.06    -0.06
  75                    42.816   -8.885          22.46      6.88      7.24   -69.37   -67.76
  76                    43.595   -7.295           3.63      1.58      1.50   -56.31   -58.62
  77                    43.325   -1.981          10.32      1.62      0.91   -84.26   -91.14
  78                    43.004   -9.251           4.43      1.44      1.37   -67.55   -69.09
  79                    42.425   -8.656          17.90      3.94      3.33   -77.98   -81.42
  80                    43.467   -5.065          14.47      3.55      2.79   -75.49   -80.70
  81                    43.325   -2.418           2.77      0.69      0.37   -75.16   -86.78
  82                    43.412   -2.950           4.09      1.14      0.70   -72.09   -82.91
  83                    42.905   -9.126          14.96      4.87      4.30   -67.42   -71.27
  84                    43.449   -3.755           4.71      1.74      1.35   -63.01   -71.31
  85                    43.647   -8.083           2.07      1.46      1.44   -29.65   -30.40
  86                    43.343   -8.383           6.64      3.66      3.72   -44.96   -43.96
  87                    41.924   -8.773         274.83     55.37     55.73   -79.85   -79.72
  88                    43.565   -6.077          51.37     16.37     14.15   -68.13   -72.45
  89                    43.194   -9.042           6.90      4.01      3.85   -41.87   -44.18
  90                    43.441   -3.981          11.40      3.93      2.95   -65.51   -74.15
  91                    63.877  -21.208    *    362.36    362.38    362.38     0.01     0.01
  92                    63.773  -20.802    *    336.11    336.12    336.12     0.00     0.00
  93                    65.620   25.050    *     40.46     17.54     13.82   -56.64   -65.84
  94                    64.290   23.910    *     40.91     17.00     17.25   -58.44   -57.83
  95                    60.213   24.985    *     16.23      7.82      5.79   -51.84   -64.31
  96                    60.350   23.100    *      5.72      3.18      3.02   -44.33   -47.10
  97                    64.850   24.700    *     38.26     13.89     13.58   -63.70   -64.50
  98                    60.383   25.667    *     10.41      3.72      3.33   -64.28   -68.04
  99                    60.442   26.847    *    288.44    134.59     94.25   -53.34   -67.32
  100                   63.270   21.860    *     39.83     12.68     11.42   -68.18   -71.34
  101                   62.200   21.400    *     13.58      6.90      6.60   -49.17   -51.37
  102                   64.992   25.431    *    255.60    172.38    179.11   -32.56   -29.93
  103                   61.220   21.620    *      8.54      4.86      4.22   -43.14   -50.60
  104                   65.200   25.290    *     42.13     25.32     18.56   -39.89   -55.93
  105                   60.340   25.530    *      6.65      2.24      1.71   -66.25   -74.30
  106                   60.433   22.233    *      7.18      4.86      4.39   -32.20   -38.82
  107                   60.550   27.850    *      7.73      2.92      3.00   -62.27   -61.17
  108                   60.583   27.733    *      4.39      1.56      1.65   -64.38   -62.46
  109                   64.480   24.220    *     31.78     12.73     14.41   -59.94   -54.67
  110                   65.340   25.260    *    166.15    101.24     76.60   -39.07   -53.90
  111                   60.417   22.660    *      8.27      5.42      4.93   -34.49   -40.42
  112                   64.230   23.710    *     11.73      4.06      4.79   -65.42   -59.15
  113                   62.340   21.300    *      8.90      2.86      3.09   -67.90   -65.25
  114                   60.150   23.067    *      6.52      4.21      3.88   -35.33   -40.52
  115                   61.550   21.630    *    215.01    104.18     87.32   -51.55   -59.39
  116                   65.742   24.514    *    560.43    223.74    229.92   -60.08   -58.97
  117                   63.560   22.510    *     30.28     14.39     14.68   -52.49   -51.52
  118                   63.880   23.170    *     21.10      8.96      6.51   -57.54   -69.16
  119                   60.093   23.560    *     18.07     11.38     11.76   -37.00   -34.92
  120                   57.645   22.146          16.98     12.50     12.50   -26.37   -26.37
  121                   57.248   21.413           5.87      3.45      4.98   -41.21   -15.22
  122                   57.160   24.260          77.25     30.17     35.56   -60.95   -53.96
  123                   57.010   23.930         107.50     39.43     67.60   -63.32   -37.12
  124                   57.880   24.350          38.50     12.95     17.23   -66.36   -55.26
  125                   56.413   21.049          20.15     10.47     13.19   -48.05   -34.52
  126                   57.400   21.550          89.97     62.31     64.20   -30.75   -28.65
  127                   57.070   24.050         607.23    193.45    290.40   -68.14   -52.18
  128                   56.980   21.345           2.82      1.10      1.86   -61.13   -34.08
  129                   53.209    5.439           0.81      0.68      0.50   -16.55   -39.12
  130                   53.070    5.336         212.78    248.85    216.59    16.95     1.79
  131                   52.940    5.042         284.09    431.76    374.29    51.98    31.75
  132                   51.980    4.120        1308.08   1708.01   1694.69    30.57    29.56
  133                   53.327    6.930           2.46      1.92      1.06   -22.29   -56.96
  134                   51.840    4.017         561.87    712.25    866.81    26.76    54.27
  135                   53.179    5.419           4.74      4.04      3.00   -14.76   -36.59
  136                   53.411    6.191          42.01     37.70     20.52   -10.27   -51.16
  137                   53.309    5.626           1.05      0.90      0.51   -14.14   -51.34
  138                   52.470    4.600          86.63    113.05     94.78    30.50     9.41
  139                   51.337    3.213           3.61     11.49     15.34   218.27   324.91
  140                   51.337    3.213           0.92      2.56      2.60   177.97   182.62
  141                   51.339    3.813          19.93     48.94     56.26   145.53   182.29
  142                   51.238    2.922           7.27     11.91     14.20    63.79    95.25
  143                   51.349    4.249         134.84    270.80    291.30   100.83   116.04
  144                   51.154    2.722           8.93     17.40     23.07    94.86   158.38
  145                   51.337    3.213           1.35      4.09      4.92   203.25   264.75
  146                   41.148   -8.638         434.74    357.13    354.60   -17.85   -18.43
  147                   38.934   -8.999         246.85    246.85    246.85    -0.00    -0.00
  148                   55.730   21.090         490.25    238.77    175.68   -51.30   -64.17
  149                   55.279   21.081           6.93      5.06      3.77   -26.96   -45.64
  150                   52.240   -6.968          78.85     68.77     90.53   -12.79    14.81
  151                   52.360   -6.506          41.49     50.00     65.99    20.51    59.06
  152                   51.850   -8.329          46.58     75.01    112.13    61.05   140.74
  153                   52.780   -8.946          23.54     17.39     15.86   -26.11   -32.63
  154                   52.820   -6.123          21.84     21.00     27.51    -3.84    25.97
  155                   54.140   -9.145          64.07     30.10     28.81   -53.03   -55.03
  156                   53.710   -6.337          44.91     39.78     34.80   -11.41   -22.50
  157                   52.519   -8.718          17.45     14.94     14.20   -14.41   -18.61
  158                   53.350   -6.222          17.51     14.74     14.11   -15.81   -19.40
  159                   53.300   -9.073         104.65    103.71     83.72    -0.90   -20.01
  160                   52.524   -8.938           8.56      7.27      6.67   -15.04   -22.02
  161                   52.660   -8.702         186.48    136.84    108.78   -26.62   -41.66
  162                   52.240   -6.968          45.80     40.68     53.33   -11.20    16.44
  163                   52.240   -6.968          43.05     38.72     50.58   -10.07    17.48
  164                   51.690   -8.537          23.17     23.09     34.57    -0.38    49.20
  165                   51.950   -7.840          82.40     65.83     77.34   -20.11    -6.14
  166                   54.500   -8.210         108.96     71.78     70.72   -34.13   -35.10
  167                   54.980   -3.566         175.28    117.89    123.60   -32.74   -29.49
  168                   55.920   -4.472         175.93    119.79    126.72   -31.91   -27.97
  169                   52.790    0.369          53.52    114.02    112.30   113.04   109.83
  170                   53.990   -2.881         124.90     75.55     84.38   -39.51   -32.45
  171                   55.010   -1.422          48.10     42.98     55.75   -10.65    15.90
  172                   57.670   -3.095         170.17     90.98     76.24   -46.53   -55.20
  173                   50.910   -1.450          13.07     24.22     22.34    85.32    70.87
  174                   53.240   -3.087          58.04     58.07     52.06     0.04   -10.31
  175                   52.110   -4.689          90.23     84.30     87.15    -6.57    -3.41
  176                   51.780   -4.364          74.25     63.76     59.04   -14.13   -20.48
  177                   53.418    0.224         222.45    256.48    276.10    15.30    24.12
  178                   51.450    0.402          69.86   2442.64   2552.95  3396.34  3554.23
  179                   51.730    0.700           4.33     75.64     82.53  1645.20  1804.27
  180                   55.170   -6.739         195.06    136.41    152.63   -30.07   -21.75
  181                   50.830   -0.257          12.19     32.91     30.77   169.92   152.38
  182                   50.560   -4.929           8.29      8.48      7.29     2.25   -12.06
  183                   54.490   -0.625           5.89      3.88      5.04   -34.03   -14.37
  184                   51.320    1.368          16.41     16.41     16.41    -0.03    -0.03
  185                   54.950   -3.049          80.81     54.16     55.38   -32.98   -31.47
  186                   56.361   -3.316         253.53    159.31    159.77   -37.16   -36.98
  187                   56.730   -5.236         197.62    148.90    163.30   -24.65   -17.36
  188                   54.630   -5.886          18.58     12.44     10.96   -33.07   -41.00
  189                   50.680   -1.949          37.73     75.94     74.47   101.29    97.40
  190                   54.920   -1.367          16.03     10.88     15.99   -32.09    -0.21
  191                   52.570    1.738          19.23     48.38     85.98   151.56   347.07
  192                   51.710   -2.486         127.21    304.10    249.72   139.06    96.31
  193                   58.110   -3.657         325.95    119.01     78.37   -63.49   -75.96
  194                   54.650   -1.159          20.66     11.21     15.08   -45.74   -27.01
  195                   51.220   -3.000          14.09     23.04     17.35    63.54    23.12
  196                   51.540   -2.985         145.44    213.34    164.26    46.68    12.94
  197                   56.064   -3.727          97.92     64.38     67.55   -34.25   -31.02
  198                   50.610   -3.423          55.06     81.14     67.14    47.38    21.94
  199                   55.770   -1.991          69.89     42.24     57.72   -39.56   -17.42
  200                   50.350   -4.167          52.27     57.94     51.01    10.86    -2.40
  201                   53.336   -2.768          56.12     49.73     44.22   -11.38   -21.20
  202                   51.060   -4.207          32.12     42.27     34.84    31.59     8.46
  203                   51.620   -3.834          36.67     34.49     29.64    -5.94   -19.16
  204                   45.044   -0.607         237.16    299.99    236.57    26.49    -0.25
  205                   48.506   -2.689          57.51    137.92     98.75   139.82    71.71
  206                   43.529   -1.520          82.49     32.88     21.95   -60.14   -73.40
  207                   49.301   -0.091           9.30     15.79      9.55    69.88     2.77
  208                   43.529   -1.520          16.10      6.20      4.03   -61.52   -74.94
  209                   47.500   -2.366          76.86     76.85     76.85    -0.01    -0.01
  210                   49.907    0.930          14.78     12.45      8.47   -15.73   -42.68
  211                   48.283   -4.263          75.47     52.76     33.92   -30.09   -55.05
  212                   49.019   -1.506          20.62     22.10     11.81     7.16   -42.70
  213                   44.660   -1.043          19.10     72.70     44.83   280.69   134.77
  214                   49.369    0.074          11.99     18.36     11.70    53.15    -2.35
  215                   45.044   -0.607          10.94     12.11      9.81    10.74   -10.32
  216                   50.180    1.653          37.09     50.23     33.24    35.45   -10.39
  217                   49.440    0.372          16.38     11.92      6.83   -27.21   -58.31
  218                   49.292   -0.246          28.33     54.35     28.77    91.80     1.54
  219                   48.634   -1.512          23.07     20.05     13.78   -13.08   -40.28
  220                   49.480    0.486           8.25      7.83      5.08    -5.14   -38.51
  221                   45.790   -1.124           3.72      4.59      2.75    23.41   -26.03
  222                   49.480    0.486         470.62    534.05    336.39    13.48   -28.52
  223                   48.643   -1.413          55.09     45.30     31.77   -17.78   -42.33
  224                   49.337   -0.458           5.29     10.50      5.65    98.64     6.79
  225                   45.044   -0.607          73.27     95.69     74.48    30.59     1.65
  226                   45.044   -0.607         148.28    202.06    155.29    36.27     4.72
  227                   47.290   -1.957         786.50    786.35    786.35    -0.02    -0.02
  228                   49.350   -1.120          28.51     76.54     43.82   168.43    53.66
  229                   43.529   -1.520          35.01     13.91      8.95   -60.26   -74.45
  230                   47.737   -3.350          66.09     58.51     34.10   -11.47   -48.40
  231                   45.953   -1.067          65.80     78.77     43.18    19.72   -34.38
  232                   47.290   -1.957          43.82     43.81     43.81    -0.02    -0.02
  233                   45.044   -0.607         399.66    520.37    400.42    30.20     0.19
  234                   50.550    1.603          52.52     39.27     31.09   -25.23   -40.80
  235                   50.064    1.370          43.36     35.97     24.50   -17.05   -43.50
  236                   43.529   -1.520          17.39      6.34      4.23   -63.57   -75.70
  237                   46.294   -1.268          30.96     30.96     30.96     0.00     0.00
  238                   49.480    0.486          23.63     25.27     16.23     6.95   -31.31
  239                   46.320   -1.112          52.68     52.67     52.67    -0.02    -0.02
  240                   45.953   -1.067          23.19     30.18     16.98    30.14   -26.79
  241                   43.529   -1.520         184.29     81.03     56.40   -56.03   -69.40
  242                   58.140    7.990    *    152.55     83.04     79.99   -45.57   -47.56
  243                   59.050   10.050    *    118.84     31.60     29.65   -73.41   -75.05
  244                   58.729    5.517    *      5.48      2.72      2.65   -50.39   -51.68
  245                   59.190   10.950    *    746.03    239.73    194.12   -67.87   -73.98
  246                   59.740   10.230    *    327.84    141.55    116.02   -56.82   -64.61
  247                   65.800   12.350    *    166.18     44.88     34.38   -72.99   -79.31
  248                   63.310    9.831    *     62.99     18.47     15.78   -70.68   -74.96
  249                   59.128    9.618    *    294.99    143.52    109.40   -51.35   -62.91
  250                   60.640    5.951    *     96.58     60.80     53.08   -37.04   -45.04
  251                   70.000   23.200    *     94.91     94.91     94.91     0.00     0.00
  252                   59.890   30.210        2333.09   2333.04   2333.04    -0.00    -0.00
  253                   59.660   28.360         106.71     76.43     46.54   -28.37   -56.39
  254                   55.215   10.810           0.32      0.56      0.59    75.16    84.08
  255                   55.163   10.135           0.36      0.32      0.34   -10.98    -6.13
  256                   55.724   11.651           0.42      0.56      0.50    31.84    17.81
  257                   55.808   12.582           0.26      0.18      0.18   -30.85   -29.44
  258                   55.385    9.841           0.31      0.33      0.37     7.68    18.54
  259                   55.468   10.441           0.90      1.29      1.33    43.75    47.90
  260                   57.200   10.500           1.29      1.14      1.27   -11.64    -2.01
  261                   56.610   10.320          36.14     29.56     29.58   -18.20   -18.15
  262                   55.200    8.672           1.04      0.49      0.50   -52.50   -52.07
  263                   54.987   12.353           0.10      0.12      0.18    18.99    89.79
  264                   54.828   11.140           0.41      0.34      0.67   -16.14    64.08
  265                   55.209   11.715           1.22      1.94      1.92    58.64    57.42
  266                   55.061   10.618           0.44      0.28      0.46   -36.55     5.87
  267                   55.389   11.220           0.84      0.77      0.89    -8.26     6.55
  268                   55.209   12.152           0.28      0.33      0.33    16.45    16.69
  269                   55.703    9.544           2.19      2.02      2.30    -7.56     5.03
  270                   55.165   12.029           0.19      0.31      0.30    62.09    57.51
  271                   56.370    8.116          22.45     13.52     13.93   -39.78   -37.98
  272                   55.771   11.632           0.43      0.58      0.51    35.69    19.74
  273                   55.431   12.211           0.32      0.26      0.27   -19.33   -15.89
  274                   54.694   11.887           0.55     23.27     23.51  4128.15  4173.16
  275                   55.453   10.498           0.90      1.29      1.33    43.75    47.90
  276                   55.879   12.066           0.36      0.28      0.29   -22.16   -17.90
  277                   55.248    9.494           1.09      0.69      0.80   -36.87   -26.82
  278                   55.090   10.242           0.17      0.10      0.14   -45.39   -21.74
  279                   55.297   10.750           0.86      1.45      1.57    68.13    82.46
  280                   55.235   12.235           0.28      0.33      0.33    16.45    16.69
  281                   55.678    9.807           0.41      0.38      0.39    -8.24    -4.70
  282                   54.889   12.052           0.34      0.40      0.67    18.02    96.55
  283                   55.703    9.544           2.19      2.02      2.30    -7.56     5.03
  284                   54.773   11.863           0.47      0.55      0.79    16.18    67.43
  285                   55.209   12.152           0.28      0.33      0.33    16.45    16.69
  286                   54.935    9.624           0.32      0.24      0.26   -23.42   -18.28
  287                   55.190   10.107           0.36      0.19      0.24   -48.62   -35.21
  288                   55.703    9.717           1.44      1.25      1.32   -13.04    -7.74
  289                   55.430    8.623           5.26      2.47      2.63   -53.10   -50.01
  290                   55.803   12.040           0.30      0.44      0.42    46.96    39.40
  291                   55.459    9.797           0.45      0.53      0.57    18.02    28.09
  292                   54.970    9.861           0.17      0.16      0.19    -4.17    11.72
  293                   55.489    9.497           2.29      2.08      2.27    -9.05    -0.94
  294                   55.513    9.866           0.47      0.53      0.59    14.30    26.18
  295                   55.339   11.207           0.12      0.22      0.82    79.95   558.21
  296                   56.126   12.309           0.45      0.29      0.29   -34.36   -35.91
  297                   56.990   10.240           0.05      0.04      0.04    -7.90   -14.46
  298                   56.093   12.461           0.26      0.21      0.20   -20.36   -24.46
  299                   55.172   12.053           0.19      0.31      0.30    62.09    57.51
  300                   54.960    8.666           4.50      1.85      1.93   -58.86   -57.16
  301                   56.011   10.217           0.30      0.40      0.44    30.93    43.11
  302                   55.147   12.011           0.19      0.31      0.30    62.09    57.51
  303                   55.847   12.573           0.26      0.18      0.18   -30.85   -29.44
  304                   55.019    9.927           0.21      0.17      0.22   -18.72     7.03
  305                   55.971   12.013           0.85      0.66      0.70   -22.43   -18.02
  306                   55.122   12.049           0.19      0.23      0.38    17.56    95.27
  307                   55.860   12.064           0.36      0.53      0.50    47.73    39.41
  308                   55.042   10.471           0.28      0.17      0.27   -40.01    -2.96
  309                   55.430    9.626           0.29      0.34      0.37    18.32    27.19
  310                   54.694   11.887           0.55     23.27     23.51  4128.15  4173.16
  311                   55.023   12.427           0.27      0.35      0.58    33.41   118.39
  312                   55.476   10.441           0.90      1.29      1.33    43.75    47.90
  313                   55.201   11.672           1.22      1.94      1.92    58.64    57.42
  314                   55.710   12.113           0.20      0.29      0.27    45.40    38.69
  315                   55.649   11.930           0.31      0.46      0.43    48.60    40.42
  316                   55.673   11.813           0.19      0.25      0.22    30.27    17.05
  317                   55.770   10.015           0.29      0.18      0.24   -36.40   -18.60
  318                   55.705   11.840           0.29      0.37      0.33    27.44    14.91
  319                   55.311    9.618           0.45      0.32      0.36   -29.13   -20.88
  320                   54.831   11.491           0.41      0.31      0.58   -24.41    41.32
  321                   55.667   12.012           0.54      0.83      0.77    53.12    42.26
  322                   57.520    9.873           1.39      1.15      1.01   -17.59   -27.02
  323                   55.358    9.876           0.51      0.27      0.35   -46.76   -32.03
  324                   54.943    9.868           0.12      0.12      0.14    -0.30    14.51
  325                   55.930   12.524           0.68      0.57      0.55   -15.11   -18.95
  326                   55.439   10.425           0.90      1.29      1.33    43.75    47.90
  327                   55.426   12.220           0.32      0.26      0.27   -19.33   -15.89
  328                   55.154   14.705           0.80      1.31      1.26    62.83    57.26
  329                   56.710   10.170           2.29      1.85      1.86   -19.31   -18.95
  330                   55.247   11.289           0.09      0.16      0.58    79.41   539.75
  331                   55.882   10.111           0.84      1.23      1.31    46.47    56.11
  332                   55.525    9.577           0.25      0.22      0.25   -11.86    -1.40
  333                   55.866    9.897           1.01      0.66      0.82   -34.04   -18.36
  334                   55.194   14.989           0.58      1.09      1.03    88.10    78.73
  335                   55.854    9.863           1.01      0.91      0.96    -9.28    -4.89
  336                   55.297   10.749           0.86      1.45      1.57    68.13    82.46
  337                   55.771   11.632           0.43      0.58      0.51    35.69    19.74
  338                   55.088   10.753           0.32      0.29      0.43    -8.86    35.45
  339                   56.990   10.240           0.05      0.04      0.04    -7.90   -14.46
  340                   55.426   12.220           0.32      0.26      0.27   -19.33   -15.89
  341                   55.724   11.651           0.42      0.56      0.50    31.84    17.81
  342                   55.268    9.889           0.06      0.03      0.04   -48.10   -32.86
  343                   55.070   11.813           0.40      0.47      0.76    19.39    92.42
  344                   55.361    9.600           0.44      0.31      0.34   -28.81   -22.38
  345                   55.612   12.384           0.26      0.24      0.28   -10.07     6.85
  346                   55.330    8.673           4.52      2.05      2.17   -54.61   -52.09
  347                   56.099   12.160           0.28      0.19      0.20   -32.75   -27.85
  348                   56.778   10.288           1.19      1.08      1.04    -9.28   -12.29
  349                   55.148   10.784           0.32      0.56      0.59    75.16    84.08
  350                   55.583   10.282           0.25      0.33      0.32    31.32    29.78
  351                   55.595   12.367           0.26      0.20      0.21   -25.20   -19.94
  352                   55.640   12.502           0.71      0.52      0.52   -27.54   -27.08
  353                   55.626    9.742           0.41      0.38      0.39    -8.24    -4.70
  354                   55.517    9.952           0.47      0.58      0.64    23.10    37.42
  355                   54.846   11.804           0.47      0.55      0.79    16.18    67.43
  356                   55.454   12.188           0.57      0.46      0.48   -19.69   -15.65
  357                   55.587   10.172           0.61      0.85      0.85    38.20    38.32
  358                   55.468   10.441           0.90      1.29      1.33    43.75    47.90
  359                   55.440   10.471           0.90      1.29      1.33    43.75    47.90
  360                   55.171   10.800           0.32      0.56      0.59    75.16    84.08
  361                   55.721   12.111           0.20      0.29      0.27    45.40    38.69
  362                   54.828   11.140           0.41      0.34      0.67   -16.14    64.08
  363                   55.426   12.220           0.32      0.26      0.27   -19.33   -15.89
  364                   55.039   12.140           0.30      0.36      0.58    18.74    88.94
  365                   55.010    9.630           0.44      0.43      0.50    -1.48    14.09
  366                   55.066   10.373           0.92      0.51      0.76   -44.87   -17.90
  367                   56.990   10.240           0.05      0.04      0.04    -7.90   -14.46
  368                   55.218   11.440           0.10      0.10      0.12    -0.20    24.73
  369                   55.538   11.156           1.68      1.32      1.69   -21.48     0.20
  370                   54.708   11.251           0.70      0.58      1.11   -17.06    58.52
  371                   54.910   10.819           0.31      0.30      0.47    -2.60    51.82
  372                   55.930   12.524           0.68      0.57      0.55   -15.11   -18.95
  373                   55.439   10.425           0.90      1.29      1.33    43.75    47.90
  374                   56.710   10.170           1.26      1.06      1.05   -15.35   -16.65
  375                   54.999   14.996           0.66      0.98      1.16    48.09    76.22
  376                   57.110   10.400           1.14      1.38      1.34    20.67    17.09
  377                   55.999    8.114           4.52      2.22      2.72   -50.97   -39.99
  378                   56.103   12.380           0.26      0.21      0.20   -20.36   -24.46
  379                   55.626    9.742           0.41      0.38      0.39    -8.24    -4.70
  380                   54.802   11.637           0.41      0.49      0.72    17.76    73.93
  381                   55.317    9.886           0.41      0.22      0.28   -46.01   -31.76
  382                   55.163   12.025           0.19      0.31      0.30    62.09    57.51
  383                   57.500   10.490           1.05      0.96      1.08    -8.63     3.39
  384                   54.931   11.120           0.15      0.18      0.25    20.06    66.94
  385                   56.990   10.240           0.62      0.54      0.49   -13.62   -21.67
  386                   55.206   11.395           0.19      0.20      0.24     3.09    26.07
  387                   56.153   10.213           1.79      2.92      2.64    63.50    47.57
  388                   56.990   10.240           0.05      0.04      0.04    -7.90   -14.46
  389                   56.085   10.249           0.22      0.27      0.31    26.20    41.67
  390                   55.781   12.089           0.30      0.44      0.42    46.96    39.40
  391                   55.209   11.715           1.22      1.94      1.92    58.64    57.42
  392                   55.828   12.063           0.30      0.44      0.42    46.96    39.40
  393                   55.114    9.457           0.22      0.16      0.17   -28.85   -21.57
  394                   55.659   11.783           0.19      0.25      0.22    30.27    17.05
  395                   55.999    8.114          44.47     21.12     26.60   -52.50   -40.18
  396                   55.580    8.315           5.26      2.64      2.83   -49.82   -46.26
  397                   55.184   11.740           1.22      1.94      1.92    58.64    57.42
  398                   55.055   11.829           0.40      0.47      0.76    19.39    92.42
  399                   56.990   10.240          26.47     24.50     21.27    -7.44   -19.63
  400                   55.118   10.775           0.32      0.29      0.43    -8.86    35.45
  401                   55.509   12.208           0.34      0.26      0.28   -22.81   -16.30
  402                   55.380    8.644           4.52      2.87      3.09   -36.52   -31.79
  403                   55.215    9.976           0.23      0.12      0.15   -49.07   -36.43
  404                   55.317    9.886           0.41      0.22      0.28   -46.01   -31.76
  405                   55.361    9.600           0.44      0.31      0.34   -28.81   -22.38
  406                   57.590   10.130           1.76      1.52      1.66   -13.37    -5.50
  407                   54.960    8.666           4.50      1.85      1.93   -58.86   -57.16
  408                   56.207   10.285           1.01      1.65      1.48    63.35    46.00
  409                   59.426   24.342           2.94      1.57      1.33   -46.57   -54.65
  410                   58.770   23.760          25.54      9.80     12.02   -61.64   -52.92
  411                   59.571   25.797           3.27      1.29      1.14   -60.42   -65.10
  412                   59.428   27.535           1.90      1.08      0.81   -43.04   -57.26
  413                   58.390   24.490          50.30     36.10     34.28   -28.22   -31.85
  414                   59.478   25.149          11.96      6.22      4.72   -47.97   -60.56
  415                   59.470   24.818           7.79      4.48      3.82   -42.49   -50.97
  416                   59.520   26.532           5.50      3.06      2.28   -44.40   -58.49
  417                   59.436   26.992           6.85      3.52      2.58   -48.58   -62.38
  418                   59.440   24.350           6.77      3.66      3.05   -45.97   -54.94
  419                   59.549   26.406           3.91      2.06      1.60   -47.33   -59.11
  420                   59.580   28.090         426.37    256.59    170.65   -39.82   -59.98
  421                   59.524   25.541           1.13      0.53      0.43   -53.05   -62.18
  422                   59.271   23.884           4.55      1.81      1.69   -60.28   -62.82
  423                   59.583   25.706           3.97      1.58      1.35   -60.08   -66.00
  424                   54.110   15.140          19.12     13.14     17.61   -31.26    -7.87
  425                   53.533   14.633          14.50     13.64     27.60    -5.88    90.43
  426                   53.920   14.280         536.25    470.87    740.94   -12.19    38.17
  427                   54.350   18.950        1080.16    474.06    599.79   -56.11   -44.47
  428                   54.583   16.850          16.78      8.51      8.47   -49.30   -49.54
  429                   54.667   17.050           8.60      7.05      8.57   -17.96    -0.32
  430                   54.317    8.970          29.82     20.07     18.89   -32.70   -36.63
  431                   54.085   12.151          14.40      9.52     19.71   -33.94    36.87
  432                   53.320    7.254          80.98     63.91     31.76   -21.08   -60.78
  433                   54.671   10.036           2.62      1.52      2.22   -41.91   -15.24
  434                   54.234   11.086           0.54      0.37      0.66   -31.10    21.79
  435                   54.328   10.185           6.24      4.82      7.12   -22.78    14.03
  436                   54.439   12.965           3.56      1.86      3.26   -47.70    -8.63
  437                   53.840    9.365         725.48    344.24    271.99   -52.55   -62.51
  438                   54.522    9.738           0.51      0.38      0.48   -24.42    -4.94
  439                   53.902   10.771           8.57      8.16      9.66    -4.72    12.81
  440                   53.859   13.813          19.25     16.66     26.76   -13.49    39.01
  441                   54.336   10.649           0.94      0.61      0.88   -35.79    -6.86
  442                   53.920   10.718           1.83      1.88      2.18     2.47    18.99
  443                   53.840    9.365          46.94     19.59     14.25   -58.27   -69.65
  444                   53.907   10.967           2.91      2.24      2.86   -22.92    -1.87
  445                   53.530    8.572         326.71    205.15     95.23   -37.21   -70.85

  (* = potentially regulated / snowmelt-dominated)

  Q in m³ s⁻¹.  Δ% = (future − calibration) / calibration × 100.

  Calibration period Q is the mean annual Q from the EMORID record.
  Near = 2020–2040, Far = 2071–2099.
