====================================================================================================
  River Projection Statistics — ssp126
====================================================================================================

  Site                     Lat      Lon  Reg     Q_cal    Q_near     Q_far   Δnear%    Δfar%
  ------------------------------------------------------------------------------------------------
  0                     56.160   14.750    *      0.89      0.46      0.41   -48.04   -54.69
  1                     65.320   21.410    *      5.98      2.64      2.52   -55.87   -57.86
  2                     56.660   12.850    *     43.75     19.87     20.52   -54.57   -53.10
  3                     55.860   14.240    *      1.54      0.67      0.69   -56.57   -54.80
  4                     56.270   12.830    *     19.79      9.39      8.31   -52.55   -58.00
  5                     60.370   18.270    *      0.09      0.05      0.05   -40.12   -40.43
  6                     57.870   16.620    *      0.19      0.12      0.12   -35.76   -36.15
  7                     57.230   12.210    *     41.89     18.84     18.96   -55.03   -54.73
  8                     64.690   21.130    *      5.76      2.46      2.42   -57.20   -57.95
  9                     56.921   16.439    *      0.37      0.16      0.17   -55.54   -55.39
  10                    56.890   12.480    *     54.28     25.37     25.75   -53.25   -52.55
  11                    55.992   12.746    *      0.06      0.03      0.03   -52.67   -51.80
  12                    63.750   20.330    *     15.11      6.52      6.63   -56.85   -56.15
  13                    64.210   21.110    *      0.54      0.23      0.23   -58.01   -58.35
  14                    58.438   11.683    *     23.53     12.01     12.03   -48.96   -48.87
  15                    62.792   18.181    *     17.67      7.58      7.70   -57.08   -56.40
  16                    57.150   16.490    *      0.96      0.60      0.59   -37.44   -38.50
  17                    58.730   17.120    *      0.67      0.31      0.30   -54.04   -54.88
  18                    65.870   22.370    *      1.61      0.60      0.56   -62.86   -65.07
  19                    65.720   21.780    *     17.85     10.77     10.82   -39.65   -39.35
  20                    62.442   17.514    *     15.36      9.55      9.61   -37.81   -37.41
  21                    56.550   12.950    *     78.60     41.44     42.30   -47.28   -46.18
  22                    58.640   16.270    *      2.99      1.90      1.90   -36.43   -36.35
  23                    65.530   21.880    *      0.16      0.07      0.06   -56.64   -60.49
  24                    65.908   22.638    *      0.17      0.12      0.13   -27.55   -26.25
  25                    63.340   19.210    *      1.22      0.50      0.55   -58.71   -54.54
  26                    60.650   17.430    *     11.65      5.13      5.28   -55.98   -54.67
  27                    58.344   11.903    *      5.23      2.45      2.51   -53.14   -52.12
  28                    60.680   17.190    *      0.62      0.35      0.35   -44.36   -44.44
  29                    56.470   16.140    *      0.14      0.07      0.07   -47.69   -53.64
  30                    61.820   17.270    *      0.57      0.24      0.25   -56.91   -55.81
  31                    63.550   19.850    *      1.18      0.45      0.50   -61.50   -57.65
  32                    62.342   17.431    *      4.41      2.39      2.52   -45.84   -42.95
  33                    59.089   11.229    *     14.44      7.48      7.49   -48.19   -48.13
  34                    65.860   24.160    *     14.38      5.91      5.96   -58.86   -58.51
  35                    57.616   18.767    *      2.54      1.16      1.06   -54.54   -58.22
  36                    56.170   15.410    *      0.20      0.09      0.09   -54.60   -55.54
  37                    61.192   17.181    *      7.37      3.22      3.29   -56.24   -55.41
  38                    57.694   11.909    *    577.40    326.72    328.78   -43.42   -43.06
  39                    63.560   19.450    *      0.64      0.26      0.27   -60.29   -57.73
  40                    65.880   23.060    *     10.54      6.70      7.12   -36.40   -32.47
  41                    43.475   -7.055          16.57     16.56     16.56    -0.05    -0.05
  42                    37.136   -6.853           2.04      2.04      2.04     0.03     0.03
  43                    37.208   -7.058           0.70      0.70      0.70     0.03     0.03
  44                    43.671   -7.903           5.01      5.01      5.01    -0.04    -0.04
  45                    37.136   -6.853           4.01      4.01      4.01     0.03     0.03
  46                    43.740   -7.695           6.76      6.76      6.76    -0.02    -0.02
  47                    43.438   -3.450          48.27     48.25     48.25    -0.03    -0.03
  48                    43.328   -8.210           7.56      7.56      7.56    -0.03    -0.03
  49                    42.346   -8.612           7.61      7.61      7.61     0.01     0.01
  50                    43.326   -1.921           3.32      3.32      3.32    -0.00    -0.00
  51                    43.326   -3.020           0.28      0.28      0.28    -0.04    -0.04
  52                    43.326   -3.020          18.81     18.80     18.80    -0.01    -0.01
  53                    43.381   -4.510          11.27     11.27     11.27    -0.01    -0.01
  54                    43.514   -8.154           3.37      3.37      3.37    -0.04    -0.04
  55                    43.435   -4.035          13.97     13.97     13.97    -0.03    -0.03
  56                    43.551   -7.261           4.67      4.67      4.67    -0.03    -0.03
  57                    43.133   -9.128          10.40     10.40     10.40    -0.01    -0.01
  58                    42.650   -8.745          43.79     43.78     43.78    -0.01    -0.01
  59                    43.291   -2.132          22.30     22.30     22.30    -0.03    -0.03
  60                    43.503   -8.161           2.35      2.35      2.35    -0.01    -0.01
  61                    42.497   -8.812          11.44     11.44     11.44    -0.01    -0.01
  62                    43.677   -7.599           6.08      6.08      6.08    -0.04    -0.04
  63                    43.364   -2.498           3.65      3.65      3.65    -0.01    -0.01
  64                    43.349   -3.121           2.43      2.42      2.42    -0.02    -0.02
  65                    43.326   -3.020          10.24     10.24     10.24    -0.03    -0.03
  66                    43.380   -2.680           5.09      5.09      5.09     0.02     0.02
  67                    36.582   -6.237          11.98     11.97     11.97    -0.04    -0.04
  68                    43.303   -2.248           9.16      9.16      9.16    -0.01    -0.01
  69                    43.413   -8.175          13.98     13.98     13.98     0.01     0.01
  70                    43.326   -3.020           0.73      0.73      0.73    -0.00    -0.00
  71                    43.228   -8.942          11.11     11.10     11.10    -0.04    -0.04
  72                    37.176   -7.402          94.18     94.15     94.15    -0.03    -0.03
  73                    43.326   -3.020          12.24     12.24     12.24     0.00     0.00
  74                    36.796   -6.345          53.07     53.04     53.04    -0.06    -0.06
  75                    42.816   -8.885          22.46     22.46     22.46    -0.01    -0.01
  76                    43.595   -7.295           3.63      3.62      3.62    -0.04    -0.04
  77                    43.325   -1.981          10.32     10.32     10.32    -0.03    -0.03
  78                    43.004   -9.251           4.43      4.43      4.43    -0.01    -0.01
  79                    42.425   -8.656          17.90     17.90     17.90    -0.00    -0.00
  80                    43.467   -5.065          14.47     14.47     14.47     0.00     0.00
  81                    43.325   -2.418           2.77      2.77      2.77     0.00     0.00
  82                    43.412   -2.950           4.09      4.09      4.09    -0.01    -0.01
  83                    42.905   -9.126          14.96     14.96     14.96    -0.00    -0.00
  84                    43.449   -3.755           4.71      4.71      4.71    -0.03    -0.03
  85                    43.647   -8.083           2.07      2.07      2.07    -0.02    -0.02
  86                    43.343   -8.383           6.64      6.64      6.64    -0.00    -0.00
  87                    41.924   -8.773         274.83    274.84    274.84     0.00     0.00
  88                    43.565   -6.077          51.37     51.37     51.37    -0.00    -0.00
  89                    43.194   -9.042           6.90      6.89      6.89    -0.04    -0.04
  90                    43.441   -3.981          11.40     11.39     11.39    -0.02    -0.02
  91                    63.877  -21.208    *    362.36    362.38    362.38     0.01     0.01
  92                    63.773  -20.802    *    336.11    336.12    336.12     0.00     0.00
  93                    65.620   25.050    *     40.46     16.10     15.94   -60.21   -60.61
  94                    64.290   23.910    *     40.91     25.69     25.97   -37.20   -36.53
  95                    60.213   24.985    *     16.23      9.95      9.94   -38.69   -38.71
  96                    60.350   23.100    *      5.72      3.22      3.18   -43.64   -44.29
  97                    64.850   24.700    *     38.26     26.43     26.67   -30.92   -30.30
  98                    60.383   25.667    *     10.41      6.58      6.57   -36.79   -36.87
  99                    60.442   26.847    *    288.44    173.55    171.90   -39.83   -40.40
  100                   63.270   21.860    *     39.83     24.40     24.36   -38.74   -38.85
  101                   62.200   21.400    *     13.58      7.78      7.80   -42.74   -42.58
  102                   64.992   25.431    *    255.60    141.94    144.60   -44.47   -43.43
  103                   61.220   21.620    *      8.54      3.88      3.90   -54.56   -54.34
  104                   65.200   25.290    *     42.13     17.66     17.45   -58.08   -58.58
  105                   60.340   25.530    *      6.65      4.20      4.19   -36.88   -36.97
  106                   60.433   22.233    *      7.18      3.75      3.74   -47.73   -47.87
  107                   60.550   27.850    *      7.73      5.01      4.99   -35.25   -35.44
  108                   60.583   27.733    *      4.39      2.72      2.71   -38.09   -38.22
  109                   64.480   24.220    *     31.78     21.03     21.41   -33.83   -32.63
  110                   65.340   25.260    *    166.15     67.53     66.58   -59.36   -59.93
  111                   60.417   22.660    *      8.27      4.73      4.68   -42.76   -43.36
  112                   64.230   23.710    *     11.73      7.69      7.76   -34.41   -33.82
  113                   62.340   21.300    *      8.90      5.26      5.29   -40.88   -40.63
  114                   60.150   23.067    *      6.52      3.71      3.67   -43.04   -43.70
  115                   61.550   21.630    *    215.01    112.12    112.36   -47.85   -47.75
  116                   65.742   24.514    *    560.43    220.09    221.42   -60.73   -60.49
  117                   63.560   22.510    *     30.28     20.14     20.20   -33.49   -33.29
  118                   63.880   23.170    *     21.10     10.78      9.89   -48.92   -53.11
  119                   60.093   23.560    *     18.07     10.04      9.83   -44.42   -45.61
  120                   57.645   22.146          16.98      7.77      7.67   -54.27   -54.86
  121                   57.248   21.413           5.87      3.23      3.10   -44.94   -47.20
  122                   57.160   24.260          77.25     45.23     44.51   -41.45   -42.39
  123                   57.010   23.930         107.50     61.31     61.49   -42.96   -42.80
  124                   57.880   24.350          38.50     22.04     21.95   -42.77   -43.00
  125                   56.413   21.049          20.15     10.13     10.18   -49.74   -49.49
  126                   57.400   21.550          89.97     39.16     38.85   -56.47   -56.82
  127                   57.070   24.050         607.23    407.66    408.41   -32.87   -32.74
  128                   56.980   21.345           2.82      1.44      1.46   -48.84   -48.16
  129                   53.209    5.439           0.81      0.35      0.35   -57.18   -56.44
  130                   53.070    5.336         212.78     91.55     90.96   -56.97   -57.25
  131                   52.940    5.042         284.09    123.66    121.40   -56.47   -57.27
  132                   51.980    4.120        1308.08    579.56    558.72   -55.69   -57.29
  133                   53.327    6.930           2.46      1.11      1.65   -55.14   -32.93
  134                   51.840    4.017         561.87    298.15    314.78   -46.94   -43.98
  135                   53.179    5.419           4.74      2.12      2.15   -55.31   -54.57
  136                   53.411    6.191          42.01     17.45     17.98   -58.46   -57.20
  137                   53.309    5.626           1.05      0.51      0.54   -51.90   -48.77
  138                   52.470    4.600          86.63     37.42     36.53   -56.81   -57.83
  139                   51.337    3.213           3.61      1.67      1.77   -53.79   -51.07
  140                   51.337    3.213           0.92      0.57      0.58   -38.25   -36.49
  141                   51.339    3.813          19.93     11.37     11.89   -42.95   -40.34
  142                   51.238    2.922           7.27      3.79      3.67   -47.83   -49.52
  143                   51.349    4.249         134.84     76.13     78.77   -43.54   -41.58
  144                   51.154    2.722           8.93      3.82      3.63   -57.22   -59.29
  145                   51.337    3.213           1.35      0.67      0.70   -50.35   -47.95
  146                   41.148   -8.638         434.74    434.66    434.66    -0.02    -0.02
  147                   38.934   -8.999         246.85    246.85    246.85    -0.00    -0.00
  148                   55.730   21.090         490.25    288.46    291.59   -41.16   -40.52
  149                   55.279   21.081           6.93      2.93      2.90   -57.65   -58.22
  150                   52.240   -6.968          78.85     78.84     78.84    -0.02    -0.02
  151                   52.360   -6.506          41.49     41.48     41.48    -0.01    -0.01
  152                   51.850   -8.329          46.58     46.56     46.56    -0.03    -0.03
  153                   52.780   -8.946          23.54     23.54     23.54     0.00     0.00
  154                   52.820   -6.123          21.84     21.84     21.84    -0.00    -0.00
  155                   54.140   -9.145          64.07     64.06     64.06    -0.01    -0.01
  156                   53.710   -6.337          44.91     44.90     44.90    -0.02    -0.02
  157                   52.519   -8.718          17.45     17.45     17.45    -0.02    -0.02
  158                   53.350   -6.222          17.51     17.51     17.51    -0.00    -0.00
  159                   53.300   -9.073         104.65    104.66    104.66     0.00     0.00
  160                   52.524   -8.938           8.56      8.56      8.56    -0.03    -0.03
  161                   52.660   -8.702         186.48    186.40    186.40    -0.04    -0.04
  162                   52.240   -6.968          45.80     45.80     45.80    -0.00    -0.00
  163                   52.240   -6.968          43.05     43.04     43.04    -0.02    -0.02
  164                   51.690   -8.537          23.17     23.17     23.17    -0.02    -0.02
  165                   51.950   -7.840          82.40     82.39     82.39    -0.01    -0.01
  166                   54.500   -8.210         108.96    108.96    108.96    -0.00    -0.00
  167                   54.980   -3.566         175.28    175.32    175.32     0.02     0.02
  168                   55.920   -4.472         175.93    175.94    175.94     0.01     0.01
  169                   52.790    0.369          53.52     53.51     53.51    -0.02    -0.02
  170                   53.990   -2.881         124.90    124.90    124.90    -0.01    -0.01
  171                   55.010   -1.422          48.10     48.10     48.10     0.01     0.01
  172                   57.670   -3.095         170.17    170.18    170.18     0.01     0.01
  173                   50.910   -1.450          13.07     13.07     13.07    -0.02    -0.02
  174                   53.240   -3.087          58.04     58.05     58.05     0.01     0.01
  175                   52.110   -4.689          90.23     90.23     90.23     0.00     0.00
  176                   51.780   -4.364          74.25     74.25     74.25     0.01     0.01
  177                   53.418    0.224         222.45    222.42    222.42    -0.01    -0.01
  178                   51.450    0.402          69.86     69.83     69.83    -0.05    -0.05
  179                   51.730    0.700           4.33      2.43      2.51   -44.00   -42.13
  180                   55.170   -6.739         195.06    195.08    195.08     0.01     0.01
  181                   50.830   -0.257          12.19     12.19     12.19    -0.07    -0.07
  182                   50.560   -4.929           8.29      8.29      8.29    -0.01    -0.01
  183                   54.490   -0.625           5.89      5.89      5.89    -0.03    -0.03
  184                   51.320    1.368          16.41     10.97     10.94   -33.13   -33.32
  185                   54.950   -3.049          80.81     80.80     80.80    -0.00    -0.00
  186                   56.361   -3.316         253.53    253.56    253.56     0.01     0.01
  187                   56.730   -5.236         197.62    197.65    197.65     0.01     0.01
  188                   54.630   -5.886          18.58     18.58     18.58     0.02     0.02
  189                   50.680   -1.949          37.73     37.72     37.72    -0.02    -0.02
  190                   54.920   -1.367          16.03     16.03     16.03    -0.02    -0.02
  191                   52.570    1.738          19.23      9.91     10.10   -48.45   -47.48
  192                   51.710   -2.486         127.21    127.18    127.18    -0.02    -0.02
  193                   58.110   -3.657         325.95    325.94    325.94    -0.00    -0.00
  194                   54.650   -1.159          20.66     20.66     20.66    -0.03    -0.03
  195                   51.220   -3.000          14.09     14.09     14.09    -0.03    -0.03
  196                   51.540   -2.985         145.44    145.49    145.49     0.03     0.03
  197                   56.064   -3.727          97.92     97.92     97.92     0.00     0.00
  198                   50.610   -3.423          55.06     55.06     55.06    -0.00    -0.00
  199                   55.770   -1.991          69.89     69.89     69.89    -0.01    -0.01
  200                   50.350   -4.167          52.27     52.26     52.26    -0.02    -0.02
  201                   53.336   -2.768          56.12     56.12     56.12     0.01     0.01
  202                   51.060   -4.207          32.12     32.12     32.12    -0.01    -0.01
  203                   51.620   -3.834          36.67     36.67     36.67     0.01     0.01
  204                   45.044   -0.607         237.16    237.16    237.16     0.00     0.00
  205                   48.506   -2.689          57.51     57.49     57.49    -0.03    -0.03
  206                   43.529   -1.520          82.49     82.48     82.48    -0.01    -0.01
  207                   49.301   -0.091           9.30      9.29      9.29    -0.02    -0.02
  208                   43.529   -1.520          16.10     16.10     16.10    -0.02    -0.02
  209                   47.500   -2.366          76.86     76.85     76.85    -0.01    -0.01
  210                   49.907    0.930          14.78      9.83      9.84   -33.46   -33.40
  211                   48.283   -4.263          75.47     75.47     75.47    -0.00    -0.00
  212                   49.019   -1.506          20.62     20.62     20.62    -0.00    -0.00
  213                   44.660   -1.043          19.10     19.09     19.09    -0.02    -0.02
  214                   49.369    0.074          11.99     11.98     11.98    -0.01    -0.01
  215                   45.044   -0.607          10.94     10.93     10.93    -0.02    -0.02
  216                   50.180    1.653          37.09     24.62     24.69   -33.61   -33.43
  217                   49.440    0.372          16.38     16.38     16.38    -0.00    -0.00
  218                   49.292   -0.246          28.33     28.33     28.33    -0.01    -0.01
  219                   48.634   -1.512          23.07     23.06     23.06    -0.04    -0.04
  220                   49.480    0.486           8.25      8.25      8.25    -0.01    -0.01
  221                   45.790   -1.124           3.72      3.71      3.71    -0.03    -0.03
  222                   49.480    0.486         470.62    470.53    470.53    -0.02    -0.02
  223                   48.643   -1.413          55.09     55.08     55.08    -0.02    -0.02
  224                   49.337   -0.458           5.29      5.29      5.29    -0.02    -0.02
  225                   45.044   -0.607          73.27     73.26     73.26    -0.02    -0.02
  226                   45.044   -0.607         148.28    148.26    148.26    -0.01    -0.01
  227                   47.290   -1.957         786.50    786.35    786.35    -0.02    -0.02
  228                   49.350   -1.120          28.51     28.51     28.51    -0.01    -0.01
  229                   43.529   -1.520          35.01     35.01     35.01    -0.02    -0.02
  230                   47.737   -3.350          66.09     66.06     66.06    -0.05    -0.05
  231                   45.953   -1.067          65.80     65.80     65.80     0.01     0.01
  232                   47.290   -1.957          43.82     43.81     43.81    -0.02    -0.02
  233                   45.044   -0.607         399.66    399.62    399.62    -0.01    -0.01
  234                   50.550    1.603          52.52     33.75     30.98   -35.75   -41.03
  235                   50.064    1.370          43.36   2518.58    209.59  5708.49   383.37
  236                   43.529   -1.520          17.39     17.39     17.39    -0.01    -0.01
  237                   46.294   -1.268          30.96     30.96     30.96     0.00     0.00
  238                   49.480    0.486          23.63     23.62     23.62    -0.01    -0.01
  239                   46.320   -1.112          52.68     52.67     52.67    -0.02    -0.02
  240                   45.953   -1.067          23.19     23.19     23.19    -0.00    -0.00
  241                   43.529   -1.520         184.29    184.27    184.27    -0.01    -0.01
  242                   58.140    7.990    *    152.55     67.30     68.24   -55.88   -55.27
  243                   59.050   10.050    *    118.84     52.23     54.41   -56.04   -54.21
  244                   58.729    5.517    *      5.48      2.29      2.27   -58.20   -58.60
  245                   59.190   10.950    *    746.03    497.19    501.76   -33.35   -32.74
  246                   59.740   10.230    *    327.84    141.82    144.86   -56.74   -55.81
  247                   65.800   12.350    *    166.18     75.28     74.53   -54.70   -55.15
  248                   63.310    9.831    *     62.99     25.89     25.89   -58.91   -58.90
  249                   59.128    9.618    *    294.99    128.83    130.39   -56.33   -55.80
  250                   60.640    5.951    *     96.58     42.11     41.96   -56.39   -56.56
  251                   70.000   23.200    *     94.91     94.91     94.91     0.00     0.00
  252                   59.890   30.210        2333.09   2333.04   2333.04    -0.00    -0.00
  253                   59.660   28.360         106.71     54.38     56.82   -49.04   -46.76
  254                   55.215   10.810           0.32      0.17      0.16   -47.72   -48.83
  255                   55.163   10.135           0.36      0.20      0.20   -45.26   -46.04
  256                   55.724   11.651           0.42      0.21      0.21   -50.51   -51.25
  257                   55.808   12.582           0.26      0.14      0.14   -45.65   -43.86
  258                   55.385    9.841           0.31      0.17      0.17   -45.56   -45.92
  259                   55.468   10.441           0.90      0.47      0.46   -47.65   -48.79
  260                   57.200   10.500           1.29      0.60      0.61   -53.78   -53.10
  261                   56.610   10.320          36.14     17.67     17.86   -51.10   -50.58
  262                   55.200    8.672           1.04      0.49      0.49   -53.22   -53.18
  263                   54.987   12.353           0.10      0.04      0.04   -56.79   -56.34
  264                   54.828   11.140           0.41      0.17      0.17   -58.41   -58.46
  265                   55.209   11.715           1.22      0.61      0.60   -50.37   -51.10
  266                   55.061   10.618           0.44      0.20      0.20   -53.93   -54.33
  267                   55.389   11.220           0.84      0.41      0.41   -50.71   -51.56
  268                   55.209   12.152           0.28      0.13      0.15   -53.81   -46.82
  269                   55.703    9.544           2.19      1.19      1.33   -45.87   -39.22
  270                   55.165   12.029           0.19      0.09      0.09   -51.47   -52.17
  271                   56.370    8.116          22.45      9.68      9.63   -56.89   -57.10
  272                   55.771   11.632           0.43      0.21      0.20   -51.50   -52.25
  273                   55.431   12.211           0.32      0.15      0.15   -54.46   -54.53
  274                   54.694   11.887           0.55      0.39      0.40   -28.27   -26.82
  275                   55.453   10.498           0.90      0.47      0.46   -47.65   -48.79
  276                   55.879   12.066           0.36      0.17      0.18   -53.62   -49.89
  277                   55.248    9.494           1.09      0.57      0.60   -48.11   -45.42
  278                   55.090   10.242           0.17      0.09      0.09   -46.70   -47.38
  279                   55.297   10.750           0.86      0.45      0.44   -47.34   -48.44
  280                   55.235   12.235           0.28      0.13      0.15   -53.81   -46.82
  281                   55.678    9.807           0.41      0.21      0.24   -49.41   -41.77
  282                   54.889   12.052           0.34      0.15      0.15   -57.02   -54.41
  283                   55.703    9.544           2.19      1.19      1.33   -45.87   -39.22
  284                   54.773   11.863           0.47      0.23      0.23   -50.69   -51.40
  285                   55.209   12.152           0.28      0.13      0.15   -53.81   -46.82
  286                   54.935    9.624           0.32      0.14      0.14   -55.27   -54.80
  287                   55.190   10.107           0.36      0.18      0.16   -50.79   -56.21
  288                   55.703    9.717           1.44      0.75      0.88   -47.67   -38.42
  289                   55.430    8.623           5.26      2.84      2.89   -46.09   -45.16
  290                   55.803   12.040           0.30      0.17      0.17   -42.26   -42.89
  291                   55.459    9.797           0.45      0.22      0.22   -50.82   -51.25
  292                   54.970    9.861           0.17      0.08      0.08   -52.08   -52.42
  293                   55.489    9.497           2.29      1.15      1.19   -49.85   -48.12
  294                   55.513    9.866           0.47      0.24      0.23   -49.48   -49.90
  295                   55.339   11.207           0.12      0.06      0.05   -55.41   -56.56
  296                   56.126   12.309           0.45      0.18      0.18   -59.40   -59.04
  297                   56.990   10.240           0.05      0.02      0.02   -57.20   -56.91
  298                   56.093   12.461           0.26      0.15      0.15   -43.55   -41.71
  299                   55.172   12.053           0.19      0.09      0.09   -51.47   -52.17
  300                   54.960    8.666           4.50      2.15      2.15   -52.29   -52.10
  301                   56.011   10.217           0.30      0.15      0.15   -49.47   -50.15
  302                   55.147   12.011           0.19      0.09      0.09   -51.47   -52.17
  303                   55.847   12.573           0.26      0.14      0.14   -45.65   -43.86
  304                   55.019    9.927           0.21      0.09      0.09   -55.86   -56.54
  305                   55.971   12.013           0.85      0.40      0.43   -52.74   -48.90
  306                   55.122   12.049           0.19      0.08      0.09   -57.07   -55.54
  307                   55.860   12.064           0.36      0.20      0.20   -43.97   -44.61
  308                   55.042   10.471           0.28      0.13      0.13   -51.44   -51.71
  309                   55.430    9.626           0.29      0.14      0.14   -49.91   -50.28
  310                   54.694   11.887           0.55      0.39      0.40   -28.27   -26.82
  311                   55.023   12.427           0.27      0.11      0.12   -57.29   -55.72
  312                   55.476   10.441           0.90      0.47      0.46   -47.65   -48.79
  313                   55.201   11.672           1.22      0.61      0.60   -50.37   -51.10
  314                   55.710   12.113           0.20      0.10      0.10   -47.15   -47.83
  315                   55.649   11.930           0.31      0.16      0.16   -48.62   -49.32
  316                   55.673   11.813           0.19      0.10      0.10   -48.81   -49.53
  317                   55.770   10.015           0.29      0.12      0.12   -57.15   -57.15
  318                   55.705   11.840           0.29      0.15      0.15   -47.08   -47.78
  319                   55.311    9.618           0.45      0.20      0.21   -54.58   -53.40
  320                   54.831   11.491           0.41      0.26      0.51   -36.19    22.51
  321                   55.667   12.012           0.54      0.27      0.26   -50.98   -51.70
  322                   57.520    9.873           1.39      2.30      3.16    65.57   127.06
  323                   55.358    9.876           0.51      0.24      0.22   -52.84   -57.37
  324                   54.943    9.868           0.12      0.06      0.05   -54.88   -55.25
  325                   55.930   12.524           0.68      0.35      0.36   -48.20   -46.48
  326                   55.439   10.425           0.90      0.47      0.46   -47.65   -48.79
  327                   55.426   12.220           0.32      0.15      0.15   -54.46   -54.53
  328                   55.154   14.705           0.80      0.37      0.54   -54.61   -33.36
  329                   56.710   10.170           2.29      1.14      1.17   -50.15   -48.86
  330                   55.247   11.289           0.09      0.04      0.04   -54.11   -55.30
  331                   55.882   10.111           0.84      0.43      0.43   -48.56   -49.20
  332                   55.525    9.577           0.25      0.13      0.13   -49.34   -47.54
  333                   55.866    9.897           1.01      0.41      0.41   -58.91   -58.87
  334                   55.194   14.989           0.58      0.26      0.26   -54.28   -54.63
  335                   55.854    9.863           1.01      0.51      0.59   -49.75   -41.24
  336                   55.297   10.749           0.86      0.45      0.44   -47.34   -48.44
  337                   55.771   11.632           0.43      0.21      0.20   -51.50   -52.25
  338                   55.088   10.753           0.32      0.17      0.16   -47.51   -48.68
  339                   56.990   10.240           0.05      0.02      0.02   -57.20   -56.91
  340                   55.426   12.220           0.32      0.15      0.15   -54.46   -54.53
  341                   55.724   11.651           0.42      0.21      0.21   -50.51   -51.25
  342                   55.268    9.889           0.06      0.03      0.02   -51.42   -56.22
  343                   55.070   11.813           0.40      0.18      0.18   -54.36   -55.08
  344                   55.361    9.600           0.44      0.20      0.21   -53.87   -52.28
  345                   55.612   12.384           0.26      0.10      0.11   -60.22   -59.68
  346                   55.330    8.673           4.52      2.17      2.17   -52.07   -52.05
  347                   56.099   12.160           0.28      0.14      0.14   -49.75   -48.54
  348                   56.778   10.288           1.19      0.51      0.51   -57.24   -57.13
  349                   55.148   10.784           0.32      0.17      0.16   -47.72   -48.83
  350                   55.583   10.282           0.25      0.13      0.13   -47.11   -48.09
  351                   55.595   12.367           0.26      0.13      0.14   -49.29   -48.57
  352                   55.640   12.502           0.71      0.36      0.37   -49.71   -47.95
  353                   55.626    9.742           0.41      0.21      0.24   -49.41   -41.77
  354                   55.517    9.952           0.47      0.24      0.23   -49.33   -50.03
  355                   54.846   11.804           0.47      0.23      0.23   -50.69   -51.40
  356                   55.454   12.188           0.57      0.26      0.26   -54.59   -54.68
  357                   55.587   10.172           0.61      0.30      0.29   -51.73   -52.77
  358                   55.468   10.441           0.90      0.47      0.46   -47.65   -48.79
  359                   55.440   10.471           0.90      0.47      0.46   -47.65   -48.79
  360                   55.171   10.800           0.32      0.17      0.16   -47.72   -48.83
  361                   55.721   12.111           0.20      0.10      0.10   -47.15   -47.83
  362                   54.828   11.140           0.41      0.17      0.17   -58.41   -58.46
  363                   55.426   12.220           0.32      0.15      0.15   -54.46   -54.53
  364                   55.039   12.140           0.30      0.13      0.13   -57.65   -57.33
  365                   55.010    9.630           0.44      0.20      0.20   -54.54   -54.89
  366                   55.066   10.373           0.92      0.48      0.47   -48.22   -48.90
  367                   56.990   10.240           0.05      0.02      0.02   -57.20   -56.91
  368                   55.218   11.440           0.10      0.04      0.04   -55.03   -55.83
  369                   55.538   11.156           1.68      0.93      0.92   -44.75   -45.49
  370                   54.708   11.251           0.70      0.29      0.29   -58.47   -58.36
  371                   54.910   10.819           0.31      0.14      0.14   -53.61   -54.64
  372                   55.930   12.524           0.68      0.35      0.36   -48.20   -46.48
  373                   55.439   10.425           0.90      0.47      0.46   -47.65   -48.79
  374                   56.710   10.170           1.26      0.60      0.61   -52.62   -51.80
  375                   54.999   14.996           0.66      0.28      0.34   -57.25   -48.57
  376                   57.110   10.400           1.14      0.52      0.56   -54.87   -50.89
  377                   55.999    8.114           4.52      1.94      1.94   -57.17   -57.23
  378                   56.103   12.380           0.26      0.15      0.15   -43.55   -41.71
  379                   55.626    9.742           0.41      0.21      0.24   -49.41   -41.77
  380                   54.802   11.637           0.41      0.20      0.19   -52.47   -53.22
  381                   55.317    9.886           0.41      0.19      0.17   -53.78   -57.62
  382                   55.163   12.025           0.19      0.09      0.09   -51.47   -52.17
  383                   57.500   10.490           1.05      0.43      0.44   -58.66   -57.95
  384                   54.931   11.120           0.15      0.07      0.06   -56.36   -57.26
  385                   56.990   10.240           0.62      0.31      0.32   -49.71   -48.53
  386                   55.206   11.395           0.19      0.09      0.08   -55.35   -56.16
  387                   56.153   10.213           1.79      0.94      0.93   -47.51   -47.96
  388                   56.990   10.240           0.05      0.02      0.02   -57.20   -56.91
  389                   56.085   10.249           0.22      0.11      0.11   -48.58   -49.27
  390                   55.781   12.089           0.30      0.17      0.17   -42.26   -42.89
  391                   55.209   11.715           1.22      0.61      0.60   -50.37   -51.10
  392                   55.828   12.063           0.30      0.17      0.17   -42.26   -42.89
  393                   55.114    9.457           0.22      0.11      0.11   -50.93   -50.07
  394                   55.659   11.783           0.19      0.10      0.10   -48.81   -49.53
  395                   55.999    8.114          44.47     19.17     19.16   -56.90   -56.92
  396                   55.580    8.315           5.26      2.28      2.29   -56.58   -56.47
  397                   55.184   11.740           1.22      0.61      0.60   -50.37   -51.10
  398                   55.055   11.829           0.40      0.18      0.18   -54.36   -55.08
  399                   56.990   10.240          26.47     13.01     13.29   -50.84   -49.78
  400                   55.118   10.775           0.32      0.17      0.16   -47.51   -48.68
  401                   55.509   12.208           0.34      0.16      0.16   -52.86   -52.76
  402                   55.380    8.644           4.52      2.35      2.38   -48.13   -47.41
  403                   55.215    9.976           0.23      0.12      0.10   -49.79   -54.96
  404                   55.317    9.886           0.41      0.19      0.17   -53.78   -57.62
  405                   55.361    9.600           0.44      0.20      0.21   -53.87   -52.28
  406                   57.590   10.130           1.76      0.91      0.92   -48.36   -47.63
  407                   54.960    8.666           4.50      2.15      2.15   -52.29   -52.10
  408                   56.207   10.285           1.01      0.54      0.54   -46.11   -46.54
  409                   59.426   24.342           2.94      1.31      1.32   -55.33   -55.27
  410                   58.770   23.760          25.54     13.53     13.44   -47.01   -47.37
  411                   59.571   25.797           3.27      1.88      1.88   -42.46   -42.48
  412                   59.428   27.535           1.90      0.90      0.91   -52.31   -52.20
  413                   58.390   24.490          50.30     27.71     27.32   -44.91   -45.69
  414                   59.478   25.149          11.96      7.02      7.02   -41.30   -41.34
  415                   59.470   24.818           7.79      4.39      4.32   -43.68   -44.57
  416                   59.520   26.532           5.50      3.34      3.33   -39.21   -39.43
  417                   59.436   26.992           6.85      4.20      4.19   -38.61   -38.83
  418                   59.440   24.350           6.77      3.07      3.08   -54.61   -54.52
  419                   59.549   26.406           3.91      2.30      2.30   -41.02   -41.17
  420                   59.580   28.090         426.37    185.51    190.10   -56.49   -55.41
  421                   59.524   25.541           1.13      0.64      0.64   -43.20   -43.22
  422                   59.271   23.884           4.55      2.47      2.45   -45.70   -46.13
  423                   59.583   25.706           3.97      2.38      2.38   -39.94   -39.96
  424                   54.110   15.140          19.12     10.79     11.29   -43.56   -40.92
  425                   53.533   14.633          14.50      8.85      8.87   -38.98   -38.79
  426                   53.920   14.280         536.25    308.20    310.80   -42.53   -42.04
  427                   54.350   18.950        1080.16    634.94    639.58   -41.22   -40.79
  428                   54.583   16.850          16.78      8.45      8.58   -49.61   -48.88
  429                   54.667   17.050           8.60      3.67      3.74   -57.32   -56.55
  430                   54.317    8.970          29.82     14.25     14.47   -52.22   -51.48
  431                   54.085   12.151          14.40      8.53      8.51   -40.77   -40.88
  432                   53.320    7.254          80.98     44.19     44.46   -45.43   -45.10
  433                   54.671   10.036           2.62      1.44      1.43   -45.03   -45.38
  434                   54.234   11.086           0.54      0.30      0.29   -45.28   -45.88
  435                   54.328   10.185           6.24      3.46      3.97   -44.64   -36.40
  436                   54.439   12.965           3.56      1.95      2.03   -45.32   -43.00
  437                   53.840    9.365         725.48    383.57    392.59   -47.13   -45.89
  438                   54.522    9.738           0.51      0.26      0.26   -47.71   -48.02
  439                   53.902   10.771           8.57      4.68      4.65   -45.34   -45.77
  440                   53.859   13.813          19.25     11.70     11.72   -39.22   -39.15
  441                   54.336   10.649           0.94      0.48      0.47   -49.35   -49.91
  442                   53.920   10.718           1.83      0.94      0.93   -48.68   -49.16
  443                   53.840    9.365          46.94     22.57     23.10   -51.92   -50.78
  444                   53.907   10.967           2.91      1.68      1.67   -42.21   -42.60
  445                   53.530    8.572         326.71    187.28    189.00   -42.68   -42.15

  (* = potentially regulated / snowmelt-dominated)

  Q in m³ s⁻¹.  Δ% = (future − calibration) / calibration × 100.

  Calibration period Q is the mean annual Q from the EMORID record.
  Near = 2020–2040, Far = 2071–2099.
